sampleid	purity	PC	PoP	Euploidy	pl.tumor	pl.overall	%amp	%del	%del.loh	%cn.loh
TCGA.CS.4938.01B	0.79	0.0843	0.0227	2	1.99	1.99	0.0192	0.0651	0.00192	0
TCGA.CS.4941.01A	0.59	0.184	0.269	2	1.96	1.98	0.0771	0.107	0.0158	0
TCGA.CS.4942.01A	0.72	0.458	0.0115	2	2.04	2.03	0.256	0.202	0	0.00175
TCGA.CS.4943.01A	0.89	0.199	0.111	2	1.94	1.95	0.0646	0.135	0.0129	0.00369
TCGA.CS.4944.01A	0.72	0.176	0.0333	2	1.94	1.96	0.0547	0.121	0.00586	0
TCGA.CS.5390.01A	0.82	0.117	0	2	1.95	1.96	0.0246	0.0928	0	0
TCGA.CS.5393.01A	0.69	0.0817	0.348	2	2.07	2.05	0.0497	0.032	0.00178	0
TCGA.CS.5394.01A	0.91	0.0852	0.0435	2	1.95	1.95	0	0.0852	0.0037	0
TCGA.CS.5395.01A	0.82	0.321	0.101	2	2.03	2.02	0.191	0.13	0.0324	0
TCGA.CS.5396.01A	0.9	0.163	0.28	2	1.96	1.96	0.0714	0.0913	0.0456	0
TCGA.CS.5397.01A	0.61	0.361	0.0663	2	1.84	1.91	0.0773	0.284	0.0239	0
TCGA.CS.6186.01A	0.91	0.223	0.497	4	4.01	4.01	0.0948	0.128	0	0
TCGA.CS.6188.01A	0.67	0.207	0.0174	2	1.93	1.95	0.0378	0.169	0.0036	0
TCGA.CS.6290.01A	0.65	0.115	0.0571	2	2	2	0.0393	0.0753	0	0.00655
TCGA.CS.6665.01A	0.72	0.302	0.0588	2	1.91	1.94	0.0996	0.203	0.00712	0.00712
TCGA.CS.6666.01A	0.86	0.129	0.134	2	2.08	2.07	0.0711	0.0579	0	0.00102
TCGA.CS.6667.01A	0.97	0.0394	0	2	2.01	2.01	0.0191	0.0203	0	0
TCGA.CS.6668.01A	0.97	0.0956	0.446	4	4.04	4.04	0.0517	0.0439	0	0.00388
TCGA.CS.6669.01A	0.72	0.168	0	2	2	2	0.0838	0.0838	0	0
TCGA.CS.6670.01A	0.77	0.346	0.00455	2	1.96	1.97	0.176	0.17	0.00157	0
TCGA.DB.5270.01A	0.84	0.044	0	2	2	2	0.0115	0.0325	0	0
TCGA.DB.5273.01A	0.71	0.0884	0.0889	2	2.01	2.01	0.0472	0.0413	0.00196	0.00393
TCGA.DB.5274.01A	0.86	0.056	0.452	2	1.95	1.96	0.00181	0.0542	0.0253	0
TCGA.DB.5276.01A	0.33	0.00174	0	2	2	2	0.00174	0	0	0
TCGA.DB.5277.01A	0.87	0.41	0.243	2	1.83	1.85	0.101	0.308	0.0663	0
TCGA.DB.5278.01A	0.78	0.0588	0.267	2	1.94	1.96	0	0.0588	0.0157	0
TCGA.DB.5279.01A	0.94	0.281	0.324	4	3.71	3.73	0.0136	0.267	0	0
TCGA.DB.5280.01A	0.86	0.169	0.0426	2	1.97	1.97	0.0755	0.0935	0.00719	0
TCGA.DB.5281.01A	0.89	0.0835	0.17	2	1.98	1.98	0.0178	0.0657	0.0142	0
TCGA.DB.A4X9.01A	0.76	0.629	0.0114	4	4.18	4.14	0.329	0.3	0	0
TCGA.DB.A4XA.01A	0.69	0.449	0.0233	2	1.94	1.96	0.226	0.224	0.0105	0
TCGA.DB.A4XB.01A	0.81	0.393	0.0154	2	1.99	1.99	0.186	0.207	0	0
TCGA.DB.A4XC.01A	0.58	0.58	0.0288	2	2	2	0.275	0.305	0.00743	0
TCGA.DB.A4XD.01A	0.86	0.258	0.0114	2	2	2	0.0499	0.209	0	0.00294
TCGA.DB.A4XE.01A	0.32	0.64	0.167	2	2.51	2.16	0.566	0.0736	0.00775	0
TCGA.DB.A4XF.01A	0.84	0.291	0.0294	2	1.96	1.97	0.135	0.156	0.00855	0
TCGA.DB.A4XG.01A	0.94	0.426	0.0638	4	3.87	3.88	0.171	0.256	0	0
TCGA.DB.A4XH.01A	0.81	0.443	0.0386	2	1.97	1.97	0.251	0.192	0.0171	0
TCGA.DB.A64L.01A	0.74	0.372	0.0547	2	1.92	1.94	0.124	0.248	0.0203	0
TCGA.DB.A64O.01A	0.49	0.259	0.354	2	1.85	1.93	0.0659	0.194	0.0659	0
TCGA.DB.A64P.01A	0.89	0.0893	0.176	2	1.96	1.96	0.0298	0.0595	0.0158	0
TCGA.DB.A64Q.01A	0.9	0.13	0.111	2	1.97	1.98	0.0633	0.0669	0.0145	0
TCGA.DB.A64R.01A	0.92	0.508	0.0456	2	1.94	1.95	0.23	0.278	0.0232	0
TCGA.DB.A64S.01A	0.13	0.0673	0.889	2	2	2	0.0299	0.0374	0.0355	0.00935
TCGA.DB.A64U.01A	0.75	0.116	0.0154	2	1.94	1.95	0.00713	0.109	0.00178	0
TCGA.DB.A64V.01A	0.58	0.0585	0	2	1.95	1.97	0	0.0585	0	0
TCGA.DB.A64W.01A	0.88	0.17	0.154	2	1.9	1.91	0.0224	0.147	0.00187	0.0243
TCGA.DB.A64X.01A	0.89	0.333	0.0568	2	1.99	1.99	0.163	0.17	0	0.00379
TCGA.DB.A75K.01A	0.85	0.101	0.0741	2	1.94	1.95	0.00562	0.0955	0.00749	0
TCGA.DB.A75M.01A	0.77	0.249	0.0119	2	2	2	0.0607	0.188	0	0.00296
TCGA.DB.A75O.01A	0.81	0.237	0	2	1.95	1.96	0.0846	0.153	0	0
TCGA.DB.A75P.01A	0.18	0.132	0.387	2	1.98	2	0.0822	0.0493	0.0345	0.00658
TCGA.DH.5140.01A	0.86	0.331	0.0618	4	3.91	3.92	0.19	0.142	0	0
TCGA.DH.5141.01A	0.82	0.0484	0.429	2	1.95	1.96	0	0.0484	0.0207	0
TCGA.DH.5142.01A	0.82	0.28	0.0263	2	1.94	1.95	0.144	0.136	0.00737	0
TCGA.DH.5143.01A	0.27	0.115	0.175	2	2	2	0.0343	0.0808	0.00808	0.0101
TCGA.DH.5144.01A	0.94	0.0716	0.237	2	1.95	1.95	0.00188	0.0697	0.0169	0
TCGA.DH.A669.01A	0.94	0.268	0.0251	2	1.86	1.87	0.00538	0.262	0.00673	0
TCGA.DH.A669.02A	0.92	0.356	0.034	2	1.79	1.81	0.0444	0.312	0.0108	0.00134
TCGA.DH.A66B.01A	0.84	0.431	0.318	4	3.76	3.8	0.109	0.322	0	0
TCGA.DH.A66D.01A	0.85	0.126	0.132	4	3.88	3.9	0.00742	0.119	0	0
TCGA.DH.A66F.01A	0.91	0.223	0.123	2	1.95	1.95	0.0781	0.145	0.0273	0
TCGA.DH.A66G.01A	0.74	0.228	0	2	1.99	1.99	0.136	0.0923	0	0
TCGA.DH.A7UR.01A	0.73	0.305	0.0667	2	1.93	1.95	0.132	0.173	0.0203	0
TCGA.DH.A7US.01A	0.77	0.0735	0.273	2	1.95	1.96	0.0134	0.0601	0.02	0
TCGA.DH.A7UT.01A	0.7	0.102	0.069	2	1.98	1.98	0.0265	0.0758	0.00529	0.00176
TCGA.DH.A7UU.01A	0.81	0.536	0.0828	2	1.93	1.95	0.198	0.338	0.00341	0.0222
TCGA.DH.A7UV.01A	0.72	0.377	0.0167	2	2	2	0.162	0.215	0	0.00628
TCGA.DU.5847.01A	0.73	0.322	0.13	2	1.75	1.82	0.0209	0.301	0.0314	0.0105
TCGA.DU.5849.01A	0.73	0.108	0.122	2	1.97	1.98	0.0234	0.0847	0.00146	0.00292
TCGA.DU.5851.01A	0.22	0.401	0.179	2	1.98	1.99	0.243	0.157	0.0376	0
TCGA.DU.5852.01A	0.79	0.339	0.189	2	1.87	1.9	0.0743	0.265	0.0643	0
TCGA.DU.5853.01A	0.78	0.128	0.0145	2	1.99	1.99	0.0685	0.0593	0	0.00185
TCGA.DU.5854.01A	0.23	0.205	0.135	2	1.88	1.97	0.0518	0.153	0.0037	0
TCGA.DU.5855.01A	0.54	0.515	0.0317	2	1.91	1.95	0.152	0.363	0.0109	0
TCGA.DU.5870.01A	0.79	0.164	0.137	2	1.95	1.96	0.0692	0.0952	0.0225	0
TCGA.DU.5870.02A	0.93	0.256	0.122	2	1.93	1.93	0.0709	0.185	0.0311	0
TCGA.DU.5871.01A	0.69	0.234	0.0308	2	2.01	2	0.0696	0.164	0	0
TCGA.DU.5872.01A	0.83	0.312	0.0464	2	1.94	1.95	0.147	0.166	0.0145	0
TCGA.DU.5872.02A	0.09	0.285	0.966	2	1.99	2	0.151	0.134	0.185	0.0515
TCGA.DU.5874.01A	0.9	0.162	0	2	1.96	1.96	0.0485	0.113	0	0
TCGA.DU.6392.01A	0.53	0.0916	0.484	2	2.09	2.05	0.073	0.0186	0	0.00143
TCGA.DU.6393.01A	0.98	0.242	0.455	4	3.93	3.93	0.114	0.128	0	0.016
TCGA.DU.6394.01A	0.91	0.326	0.0296	2	1.94	1.95	0.143	0.183	0.00965	0
TCGA.DU.6395.01A	0.67	0.228	0.264	2	2.07	2.04	0.13	0.0985	0	0
TCGA.DU.6396.01A	0.72	0.364	0.026	2	1.98	1.99	0.244	0.119	0.00379	0.00568
TCGA.DU.6397.01A	0.83	0.138	0.0349	2	1.93	1.94	0.0225	0.116	0.00482	0
TCGA.DU.6397.02A	0.9	0.243	0.166	2	1.87	1.88	0.0531	0.19	0.0403	0
TCGA.DU.6399.01A	0.24	0.159	0.16	2	1.95	1.99	0.0641	0.0944	0.0152	0
TCGA.DU.6400.01A	0.97	0.298	0.0671	2	1.91	1.91	0.0455	0.253	0.02	0
TCGA.DU.6401.01A	0.29	0.2	0.28	2	1.86	1.96	0.0541	0.146	0.0481	0.00401
TCGA.DU.6402.01A	0.6	0.145	0.169	2	1.9	1.94	0.0226	0.122	0.0226	0.00188
TCGA.DU.6403.01A	0.67	0.244	0.0229	2	1.95	1.96	0.0596	0.184	0.00372	0
TCGA.DU.6405.01A	0.83	0.384	0.0526	2	1.9	1.92	0.113	0.272	0.0118	0.00843
TCGA.DU.6407.01A	0.67	0.45	0.263	2	2.12	2.08	0.28	0.17	0	0
TCGA.DU.6407.02A	0.78	0.326	0.0702	2	2.04	2.03	0.162	0.164	0.00381	0.0019
TCGA.DU.6408.01A	0.86	0.114	0.0526	2	1.99	1.99	0.0404	0.0734	0.00299	0
TCGA.DU.6410.01A	0.98	0.148	0.28	2	1.98	1.98	0.071	0.0769	0.0414	0
TCGA.DU.6542.01A	0.97	0.183	0.103	4	3.9	3.9	0.0462	0.137	0	0.00355
TCGA.DU.7006.01A	0.69	0.301	0.0247	2	1.89	1.92	0.0724	0.228	0.00557	0
TCGA.DU.7007.01A	0.82	0.213	0.0973	4	3.99	4	0.0453	0.168	0	0
TCGA.DU.7008.01A	0.89	0.18	0.0105	2	2.01	2.01	0.0775	0.102	0	0
TCGA.DU.7009.01A	0.93	0.101	0.241	4	3.88	3.89	0.0206	0.0807	0	0
TCGA.DU.7010.01A	0.86	0.653	0.162	4	3.79	3.82	0.234	0.419	0	0
TCGA.DU.7012.01A	0.25	0.176	0.08	2	1.66	1.91	0.00987	0.166	0.00564	0
TCGA.DU.7013.01A	0.98	0.389	0.304	4	4.25	4.25	0.24	0.149	0	0.0103
TCGA.DU.7014.01A	0.99	0.124	0.366	4	4.05	4.05	0.0566	0.0677	0	0
TCGA.DU.7015.01A	0.8	0.311	0.0576	2	2.07	2.05	0.135	0.176	0	0
TCGA.DU.7018.01A	0.84	0.38	0.00513	2	1.91	1.93	0.107	0.273	0.00195	0
TCGA.DU.7019.01A	0.77	0.0415	0.0741	2	1.98	1.98	0.00307	0.0384	0.00307	0
TCGA.DU.7290.01A	0.67	0.157	0.2	2	1.85	1.9	0.0111	0.146	0.0314	0
TCGA.DU.7292.01A	0.67	0.17	0.303	2	1.96	1.97	0.0497	0.12	0.0344	0
TCGA.DU.7294.01A	0.97	0.162	0.0471	6	5.7	5.71	0.019	0.143	0	0
TCGA.DU.7298.01A	0.74	0.413	0.05	2	1.9	1.93	0.153	0.261	0.0207	0
TCGA.DU.7299.01A	0.69	0.221	0.0746	2	1.98	1.99	0.0972	0.124	0.0132	0
TCGA.DU.7301.01A	0.88	0.173	0.0978	2	1.96	1.96	0.0694	0.103	0.0131	0
TCGA.DU.7302.01A	0.91	0.193	0.426	2	1.87	1.88	0.0319	0.161	0.0772	0
TCGA.DU.7304.01A	0.8	0.337	0.0171	2	2.07	2.06	0.158	0.179	0	0
TCGA.DU.7304.02A	0.94	0.426	0.037	2	2.06	2.06	0.237	0.189	0.00197	0.00197
TCGA.DU.7306.01A	0.88	0.151	0.277	2	2.05	2.04	0.06	0.0915	0	0.0135
TCGA.DU.7309.01A	0.82	0.117	0	2	1.97	1.98	0.0125	0.105	0	0
TCGA.DU.8158.01A	0.63	0.513	0	2	1.73	1.83	0.0452	0.468	0	0
TCGA.DU.8161.01A	0.5	0.319	0.198	2	1.83	1.92	0.0886	0.23	0.0118	0
TCGA.DU.8162.01A	0.59	0.136	0.029	2	2.01	2.01	0.065	0.0709	0	0
TCGA.DU.8163.01A	0.13	0.615	0.037	2	2.37	2.05	0.435	0.18	0.0133	0.00569
TCGA.DU.8164.01A	0.98	0.0463	0.536	2	1.96	1.96	0.00331	0.043	0.0248	0
TCGA.DU.8165.01A	0.74	0.74	0.049	2	2.15	2.11	0.423	0.317	0	0.0202
TCGA.DU.8166.01A	0.81	0.399	0.00897	2	2.02	2.02	0.184	0.215	0	0.00358
TCGA.DU.8167.01A	0.68	0.358	0.0541	4	3.92	3.95	0.164	0.193	0	0
TCGA.DU.8168.01A	0.93	0.108	0.1	2	1.94	1.94	0.0143	0.0932	0.0108	0
TCGA.DU.A5TP.01A	0.77	0.559	0.0182	2	1.98	1.98	0.267	0.292	0.0017	0.00849
TCGA.DU.A5TR.01A	0.62	0.546	0.0947	2	2.04	2.02	0.289	0.257	0	0
TCGA.DU.A5TS.01A	0.81	0.426	0.018	2	1.96	1.97	0.166	0.261	0.00307	0
TCGA.DU.A5TT.01A	0.65	0.563	0.0721	2	2.02	2.01	0.236	0.327	0	0
TCGA.DU.A5TU.01A	0.7	0.606	0.0492	2	2.01	2.01	0.328	0.278	0.0112	0.00373
TCGA.DU.A5TW.01A	0.56	0.502	0.0103	2	2.21	2.12	0.313	0.189	0	0
TCGA.DU.A5TY.01A	0.69	0.587	0.0348	2	2.1	2.07	0.248	0.338	0	0.0034
TCGA.DU.A6S2.01A	0.69	0.257	0.0493	2	1.95	1.96	0.136	0.121	0.0127	0
TCGA.DU.A6S6.01A	0.91	0.096	0.291	2	1.97	1.97	0.0279	0.0681	0.0279	0
TCGA.DU.A6S7.01A	0.62	0.257	0	2	2.01	2.01	0.0943	0.163	0	0
TCGA.DU.A6S8.01A	0.91	0.22	0.219	2	1.8	1.82	0.0128	0.207	0.0482	0
TCGA.DU.A76K.01A	0.6	0.423	0.022	2	1.92	1.95	0.0882	0.334	0.00929	0
TCGA.DU.A76L.01A	0.61	0.234	0.107	2	1.94	1.96	0.0695	0.164	0.0232	0
TCGA.DU.A76O.01A	0.68	0.294	0.0829	2	2.05	2.03	0.148	0.146	0	0
TCGA.DU.A76R.01A	0.85	0.183	0.115	2	1.92	1.94	0.0145	0.168	0.021	0
TCGA.DU.A7T6.01A	0.71	0.441	0.124	4	3.62	3.73	0.107	0.334	0	0
TCGA.DU.A7T8.01A	0.22	0.105	0.479	2	2.13	2.03	0.0638	0.0415	0.00742	0
TCGA.DU.A7TA.01A	0.25	0.299	0.286	2	2.07	2.02	0.187	0.111	0.00742	0
TCGA.DU.A7TB.01A	0.72	0.13	0	2	2	2	0.0321	0.0982	0	0
TCGA.DU.A7TC.01A	0.8	0.378	0.0761	2	1.95	1.96	0.18	0.198	0.0173	0.00576
TCGA.DU.A7TD.01A	0.79	0.512	0.118	2	1.99	1.99	0.221	0.291	0.0262	0
TCGA.DU.A7TG.01A	0.2	0.0829	0.222	2	1.97	1.99	0.0323	0.0507	0.0123	0
TCGA.DU.A7TI.01A	0.66	0.243	0.0288	2	2.03	2.02	0.112	0.131	0	0
TCGA.DU.A7TJ.01A	0.93	0.359	0.121	2	1.93	1.94	0.125	0.234	0.0402	0.00155
TCGA.E1.5302.01A	0.82	0.165	0	2	1.99	2	0.0742	0.0909	0	0
TCGA.E1.5303.01A	0.26	0.252	0.484	2	2.09	2.02	0.138	0.113	0.0536	0
TCGA.E1.5304.01A	0.94	0.311	0.343	4	3.8	3.81	0.0829	0.228	0	0
TCGA.E1.5305.01A	0.84	0.157	0.0467	2	1.94	1.95	0.0441	0.113	0.00587	0.00147
TCGA.E1.5307.01A	0.24	0.234	0.186	2	2	2	0.103	0.131	0.0181	0
TCGA.E1.5311.01A	0.76	0.302	0	2	1.93	1.95	0.184	0.118	0	0
TCGA.E1.5318.01A	0.9	0.0514	0.483	2	1.95	1.96	0.00355	0.0479	0.0248	0
TCGA.E1.5319.01A	0.61	0.599	0.0181	2	1.93	1.96	0.273	0.325	0.0108	0
TCGA.E1.5322.01A	0.84	0.138	0.0854	2	1.95	1.96	0.0487	0.0889	0.0117	0
TCGA.E1.A7YD.01A	0.9	0.555	0.206	4	3.72	3.75	0.144	0.411	0	0
TCGA.E1.A7YH.01A	0.72	0.308	0.102	2	1.96	1.97	0.122	0.187	0.0138	0.0177
TCGA.E1.A7YI.01A	0.86	0.435	0	2	1.95	1.96	0.211	0.225	0	0
TCGA.E1.A7YJ.01A	0.8	0.324	0.103	2	1.93	1.94	0.127	0.197	0.0159	0.0175
TCGA.E1.A7YK.01A	0.52	0.314	0.405	4	3.79	3.89	0.0577	0.256	0	0
TCGA.E1.A7YL.01A	0.66	0.517	0.131	2	1.95	1.96	0.215	0.302	0.0322	0
TCGA.E1.A7YM.01A	0.2	0.163	0.108	2	1.7	1.94	0.00958	0.153	0.0128	0.0016
TCGA.E1.A7YN.01A	0.35	0.426	0.155	2	2.15	2.05	0.377	0.0494	0.00412	0
TCGA.E1.A7YO.01A	0.92	0.0662	0.256	2	1.95	1.95	0.0136	0.0526	0.017	0
TCGA.E1.A7YS.01A	0.96	0.505	0.176	4	3.63	3.65	0.159	0.347	0	0.00348
TCGA.E1.A7YU.01A	0.75	0.298	0.016	2	2	2	0.139	0.159	0.00159	0.00318
TCGA.E1.A7YV.01A	0.84	0.524	0.189	4	3.92	3.93	0.332	0.192	0	0
TCGA.E1.A7YW.01A	0.73	0.256	0.0138	2	2.02	2.02	0.097	0.159	0	0
TCGA.E1.A7YY.01A	0.13	0.331	0.696	2	1.98	2	0.179	0.152	0.136	0.0479
TCGA.E1.A7Z2.01A	0.73	0.346	0.126	2	1.91	1.94	0.128	0.218	0.00969	0.00808
TCGA.E1.A7Z4.01A	0.81	0.234	0.0763	2	1.95	1.96	0.102	0.132	0.0161	0.00179
TCGA.E1.A7Z6.01A	0.74	0.359	0.00417	2	2	2	0.145	0.214	0.00149	0
TCGA.EZ.7264.01A	0.81	0.14	0.329	2	1.85	1.88	0	0.14	0.0459	0
TCGA.F6.A8O3.01A	0.93	0.117	0.36	2	1.89	1.89	0.00312	0.114	0.0421	0
TCGA.F6.A8O4.01A	0.82	0.312	0.0199	2	2.01	2	0.165	0.147	0.0062	0
TCGA.FG.5962.01B	0.85	0.465	0.111	2	1.81	1.84	0.0285	0.437	0.0517	0
TCGA.FG.5963.01A	0.24	0.171	0.326	2	1.98	2	0.0866	0.0848	0.0253	0.00361
TCGA.FG.5963.02A	0.79	0.57	0.057	2	1.78	1.82	0.236	0.334	0.0253	0
TCGA.FG.5964.01A	0.64	0.254	0.0395	2	1.84	1.9	0.0401	0.214	0.01	0
TCGA.FG.5965.01B	0.7	0.371	0.00971	2	1.96	1.97	0.176	0.194	0.0018	0.0018
TCGA.FG.5965.02A	0.68	0.165	0.152	2	1.86	1.91	0.00899	0.156	0.018	0.00719
TCGA.FG.6688.01A	0.22	0.426	0.217	2	2.13	2.03	0.332	0.094	0.0282	0
TCGA.FG.6689.01A	0.57	0.315	0.0405	2	1.96	1.98	0.144	0.171	0.0127	0
TCGA.FG.6690.01A	0.84	0.458	0	2	2	2	0.195	0.262	0	0
TCGA.FG.6691.01A	0.46	0.324	0.195	2	2.12	2.05	0.167	0.157	0	0
TCGA.FG.6692.01A	0.83	0.348	0	2	1.97	1.98	0.168	0.179	0	0
TCGA.FG.7634.01A	0.8	0.222	0	2	1.94	1.95	0.00187	0.22	0	0
TCGA.FG.7636.01A	0.44	0.337	0.00602	2	1.93	1.97	0.14	0.197	0.00203	0
TCGA.FG.7638.01B	0.91	0.177	0.158	2	1.94	1.94	0.0633	0.114	0.0279	0
TCGA.FG.7641.01B	0.83	0.102	0.193	2	1.92	1.93	0.00716	0.0948	0.0197	0
TCGA.FG.7643.01A	0.2	0.43	0.224	2	1.97	1.99	0.2	0.23	0.0556	0.0037
TCGA.FG.8181.01A	0.74	0.115	0	2	2	2	0.0705	0.0445	0	0
TCGA.FG.8182.01A	0.19	0.147	0.37	2	2.05	2.01	0.0745	0.0727	0.02	0.00909
TCGA.FG.8185.01A	0.91	0.0568	0.667	2	1.99	1.99	0.0174	0.0394	0.0237	0
TCGA.FG.8186.01A	0.84	0.167	0.165	2	1.99	1.99	0.0607	0.107	0.0276	0
TCGA.FG.8187.01A	0.71	0.119	0.0667	2	1.95	1.96	0.0317	0.0871	0.00792	0
TCGA.FG.8188.01A	0.69	0.176	0.0104	2	1.98	1.99	0.0568	0.119	0	0
TCGA.FG.8189.01B	0.13	0.587	0.548	2	1.94	1.99	0.288	0.299	0.193	0.0552
TCGA.FG.8191.01A	0.84	0.095	0	2	1.98	1.98	0.0267	0.0683	0	0
TCGA.FG.A4MT.01A	0.85	0.551	0.0189	2	1.92	1.94	0.207	0.344	0.0104	0
TCGA.FG.A4MT.02A	0.69	0.125	0.0694	2	1.93	1.95	0.0296	0.0957	0.0087	0
TCGA.FG.A4MU.01B	0.85	0.52	0.0162	2	2.03	2.02	0.283	0.237	0.00673	0
TCGA.FG.A4MW.01A	0.63	0.542	0.079	2	1.94	1.96	0.212	0.33	0.0149	0
TCGA.FG.A4MX.01A	0.84	0.469	0.0359	2	1.97	1.98	0.265	0.204	0.0131	0.00374
TCGA.FG.A4MY.01A	0.58	0.611	0.0478	2	2	2	0.336	0.274	0.00515	0
TCGA.FG.A60J.01A	0.86	0.323	0.067	2	1.95	1.96	0.118	0.205	0.0166	0
TCGA.FG.A60K.01A	0.92	0.19	0.158	2	1.94	1.95	0.0599	0.13	0.0299	0
TCGA.FG.A60L.01A	0.58	0.226	0.101	2	2.01	2	0.121	0.104	0	0.0038
TCGA.FG.A6IZ.01A	0.97	0.0993	0.113	2	1.95	1.95	0.0187	0.0805	0.0112	0
TCGA.FG.A6J1.01A	0.92	0.217	0.118	2	1.91	1.92	0.0601	0.157	0.0255	0
TCGA.FG.A6J3.01A	0.85	0.245	0.0857	2	1.97	1.97	0.0664	0.178	0.00524	0.00175
TCGA.FG.A70Y.01A	0.68	0.143	0.112	2	2.05	2.03	0.068	0.0751	0	0
TCGA.FG.A70Z.01A	0.69	0.29	0.0765	2	1.95	1.97	0.135	0.155	0.0188	0
TCGA.FG.A710.01A	0.86	0.223	0.0847	2	1.95	1.96	0.121	0.102	0.0189	0
TCGA.FG.A711.01A	0.67	0.394	0.0459	2	1.99	1.99	0.189	0.205	0	0
TCGA.FG.A713.01A	0.21	0.217	0.169	2	1.99	2	0.123	0.0936	0.0165	0.00183
TCGA.FG.A87N.01A	0.92	0.215	0.0547	2	2.01	2.01	0.103	0.113	0.00168	0.0084
TCGA.FG.A87Q.01A	0.5	0.304	0.291	2	1.94	1.97	0.141	0.163	0.0484	0
TCGA.FN.7833.01A	0.91	0.0337	0.571	2	1.98	1.98	0.00641	0.0272	0.0192	0
TCGA.HT.7467.01A	0.3	0.0816	0.0426	2	1.94	1.98	0.00521	0.0764	0.00347	0
TCGA.HT.7468.01A	0.94	0.199	0	2	1.91	1.92	0.0469	0.152	0	0
TCGA.HT.7469.01A	0.81	0.202	0.333	4	3.73	3.78	0.0217	0.18	0	0
TCGA.HT.7470.01A	0.82	0.114	0	2	1.97	1.97	0.0163	0.0977	0	0
TCGA.HT.7471.01A	0.96	0.271	0.102	4	3.69	3.7	0.0158	0.255	0	0.00198
TCGA.HT.7472.01A	0.87	0.0807	0	2	1.98	1.98	0.0192	0.0616	0	0
TCGA.HT.7473.01A	0.72	0.131	0.0141	2	2.07	2.05	0.0938	0.0368	0	0
TCGA.HT.7474.01A	0.71	0.0384	0.0385	2	1.98	1.99	0.00443	0.034	0	0.00148
TCGA.HT.7475.01A	0.87	0.185	0.394	2	1.96	1.96	0.0551	0.13	0.0568	0
TCGA.HT.7476.01A	0.72	0.19	0.0882	2	2.01	2.01	0.0951	0.0951	0.0112	0.00373
TCGA.HT.7477.01B	0.91	0.541	0.16	4	4.06	4.06	0.246	0.295	0	0
TCGA.HT.7478.01A	0.72	0.327	0.0191	2	1.97	1.98	0.105	0.222	0	0
TCGA.HT.7479.01A	0.53	0.174	0	2	2.06	2.03	0.156	0.0183	0	0
TCGA.HT.7480.01A	0.9	0.268	0.089	2	1.93	1.94	0.108	0.16	0.0239	0
TCGA.HT.7481.01A	0.54	0.0785	0.0714	2	1.95	1.97	0.0187	0.0598	0.00561	0
TCGA.HT.7482.01A	0.57	0.0797	0.391	2	2.01	2	0.0364	0.0433	0	0
TCGA.HT.7483.01A	0.8	0.141	0.144	2	2.01	2	0.0752	0.0658	0	0.00627
TCGA.HT.7485.01A	0.86	0.0627	0.105	2	1.98	1.98	0	0.0627	0	0.0066
TCGA.HT.7601.01A	0.6	0.356	0.0275	2	1.99	1.99	0.157	0.2	0.00196	0.00587
TCGA.HT.7602.01A	0.88	0.0632	0	2	2	2	0.0348	0.0284	0	0
TCGA.HT.7603.01A	0.64	0.0736	0	2	1.98	1.98	0.0134	0.0602	0	0
TCGA.HT.7604.01A	0.85	0.254	0.092	2	2.09	2.07	0.14	0.114	0	0
TCGA.HT.7605.01A	0.68	0.0765	0.0952	2	1.95	1.96	0.0128	0.0638	0.00729	0
TCGA.HT.7606.01A	0.94	0.212	0.151	2	1.86	1.87	0.0445	0.167	0.032	0
TCGA.HT.7607.01A	0.77	0.0431	0	2	1.99	1.99	0.00674	0.0364	0	0
TCGA.HT.7608.01A	0.81	0.381	0.08	2	1.94	1.95	0.149	0.232	0.0305	0
TCGA.HT.7609.01A	0.94	0.0313	0.0588	2	2	2	0.00368	0.0276	0.00184	0
TCGA.HT.7610.01A	0.61	0.229	0.00662	2	2	2	0.0789	0.15	0	0
TCGA.HT.7611.01A	0.71	0.157	0	2	1.96	1.97	0.0613	0.0954	0	0
TCGA.HT.7616.01A	0.73	0.188	0.113	2	1.87	1.9	0.0193	0.168	0.0213	0
TCGA.HT.7620.01A	0.24	0.0658	0.22	2	1.97	1.99	0.0321	0.0337	0.00963	0
TCGA.HT.7676.01A	0.7	0.121	0.0145	2	2.03	2.02	0.0577	0.0629	0	0
TCGA.HT.7677.01A	0.87	0.182	0.217	2	1.95	1.95	0.0553	0.126	0.0395	0
TCGA.HT.7680.01A	0.13	0.0574	0.655	2	2	2	0.0416	0.0158	0.0139	0.0158
TCGA.HT.7684.01A	0.81	0.0854	0	2	2.02	2.02	0.0436	0.0417	0	0
TCGA.HT.7686.01A	0.68	0.0667	0.108	2	1.95	1.96	0.00721	0.0595	0.00721	0
TCGA.HT.7687.01A	0.82	0.3	0.0881	2	1.95	1.96	0.123	0.177	0.0264	0
TCGA.HT.7688.01A	0.7	0.123	0.286	4	3.89	3.93	0.0123	0.111	0	0
TCGA.HT.7689.01A	0.73	0.256	0.286	4	3.76	3.82	0.0539	0.202	0	0
TCGA.HT.7690.01A	0.78	0.177	0.223	2	1.87	1.9	0.0154	0.161	0.0343	0.00515
TCGA.HT.7692.01A	0.91	0.372	0.126	4	3.54	3.58	0	0.372	0	0
TCGA.HT.7693.01A	0.94	0.35	0.0215	2	2.02	2.02	0.184	0.165	0.00376	0.00376
TCGA.HT.7694.01A	0.26	0.0384	0	2	1.95	1.99	0.00668	0.0317	0	0
TCGA.HT.7695.01A	0.78	0.138	0.118	2	1.95	1.96	0.0345	0.103	0.0163	0
TCGA.HT.7854.01A	0.72	0.12	0	2	2	2	0.0561	0.0638	0	0
TCGA.HT.7855.01A	0.12	0.662	0.0705	2	1.48	1.94	0.118	0.543	0.035	0.005
TCGA.HT.7856.01A	0.21	0.121	0.103	2	1.95	1.99	0.0428	0.0784	0.00891	0
TCGA.HT.7858.01A	0.51	0.286	0	2	2.01	2	0.157	0.129	0	0
TCGA.HT.7860.01A	0.72	0.503	0.0364	2	1.96	1.97	0.0896	0.413	0.0183	0
TCGA.HT.7873.01B	0.77	0.179	0.104	2	2.02	2.01	0.0863	0.0931	0	0
TCGA.HT.7874.01A	0.37	0.457	0.0116	2	2.03	2.01	0.363	0.094	0	0
TCGA.HT.7875.01A	0.9	0.254	0.078	2	1.94	1.95	0.105	0.15	0.018	0.0018
TCGA.HT.7877.01A	0.57	0.231	0.0178	2	1.96	1.98	0.0902	0.141	0.0041	0
TCGA.HT.7879.01A	0.79	0.313	0.0119	2	2.01	2.01	0.201	0.112	0	0
TCGA.HT.7880.01A	0.67	0.231	0	2	2	2	0.103	0.128	0	0
TCGA.HT.7881.01A	0.25	0.131	0.241	2	2	2	0.0847	0.0465	0.0133	0
TCGA.HT.7884.01B	0.2	0.345	0.172	2	1.97	1.99	0.206	0.139	0.0204	0.0051
TCGA.HT.7902.01A	0.18	0.166	0.404	2	1.94	1.99	0.0619	0.104	0.0234	0.0251
TCGA.HT.8011.01A	0.88	0.366	0.222	2	2.02	2.02	0.137	0.228	0.0265	0
TCGA.HT.8012.01A	0.87	0.54	0.0533	2	1.92	1.93	0.244	0.296	0.0288	0
TCGA.HT.8013.01A	0.44	0.472	0.192	2	2.18	2.08	0.291	0.181	0	0
TCGA.HT.8015.01B	0.07	0.217	1	2	2.06	2	0.146	0.0711	0.152	0.081
TCGA.HT.8018.01A	0.09	0.416	0.87	2	2.02	2	0.252	0.164	0.255	0.0742
TCGA.HT.8019.01A	0.74	0.375	0	2	1.99	1.99	0.14	0.235	0	0
TCGA.HT.8104.01A	0.75	0.225	0.201	2	1.92	1.94	0.0438	0.182	0.0211	0.0243
TCGA.HT.8105.01A	0.84	0.309	0.0575	2	1.95	1.96	0.126	0.183	0.0178	0
TCGA.HT.8106.01A	0.11	0.464	0.715	2	2.06	2.01	0.311	0.153	0.232	0.0378
TCGA.HT.8107.01A	0.61	0.278	0	2	2	2	0.113	0.165	0	0
TCGA.HT.8108.01A	0.65	0.389	0.0681	2	2.01	2.01	0.252	0.137	0	0
TCGA.HT.8109.01A	0.64	0.164	0.125	2	1.94	1.96	0.026	0.138	0.00372	0.0167
TCGA.HT.8110.01A	0.53	0.218	0.075	2	1.93	1.96	0.06	0.158	0.0127	0
TCGA.HT.8111.01A	0.43	0.372	0.0207	2	2.04	2.02	0.185	0.187	0	0
TCGA.HT.8114.01A	0.64	0.293	0.00568	2	2.01	2	0.113	0.18	0.00167	0
TCGA.HT.8563.01A	0.23	0.114	0.0986	2	1.91	1.98	0.0321	0.0819	0.00642	0
TCGA.HT.8564.01A	0.78	0.603	0.395	4	3.63	3.71	0.227	0.376	0	0
TCGA.HT.A4DS.01A	0.66	0.644	0.0365	2	1.64	1.76	0.0881	0.556	0	0.00783
TCGA.HT.A4DV.01A	0.15	0.588	0.385	2	1.92	1.99	0.302	0.286	0.12	0.00858
TCGA.HT.A5R5.01A	0.72	0.307	0.0562	2	2.04	2.03	0.184	0.123	0	0.00575
TCGA.HT.A5R7.01A	0.82	0.436	0.0073	2	1.97	1.98	0.194	0.242	0	0.00159
TCGA.HT.A5R9.01A	0.84	0.339	0.0964	2	1.93	1.94	0.129	0.21	0.0327	0
TCGA.HT.A5RA.01A	0.89	0.541	0.099	2	1.93	1.94	0.232	0.308	0.024	0.00738
TCGA.HT.A5RB.01A	0.75	0.368	0.0146	2	1.96	1.97	0.179	0.19	0.00403	0.00134
TCGA.HT.A5RC.01A	0.72	0.47	0.0921	2	1.99	2	0.211	0.26	0.0236	0.00197
TCGA.HT.A614.01A	0.8	0.344	0.0229	2	1.99	1.99	0.167	0.177	0.00316	0.00158
TCGA.HT.A615.01A	0.76	0.0703	0.146	2	1.93	1.95	0.00172	0.0686	0.0103	0
TCGA.HT.A616.01A	0.59	0.15	0.273	2	2.12	2.07	0.0796	0.0699	0.00583	0
TCGA.HT.A617.01A	0.25	0.0645	0.147	2	2.04	2.01	0.0228	0.0417	0.00569	0
TCGA.HT.A618.01A	0.71	0.217	0.272	4	3.84	3.89	0.0665	0.15	0	0
TCGA.HT.A619.01A	0.95	0.45	0.147	4	3.9	3.9	0.243	0.207	0	0
TCGA.HT.A61B.01A	0.89	0.206	0.173	4	3.9	3.91	0.0542	0.151	0	0
TCGA.HT.A61C.01A	0.83	0.204	0.00847	2	1.92	1.94	0.0606	0.144	0.00173	0
TCGA.HT.A74H.01A	0.31	0.11	0.217	2	2.06	2.02	0.0662	0.0441	0.00184	0
TCGA.HT.A74J.01A	0.56	0.263	0.241	2	2.14	2.08	0.183	0.0802	0	0
TCGA.HT.A74K.01A	0.79	0.179	0.00893	2	1.92	1.94	0.0207	0.158	0.00159	0
TCGA.HT.A74O.01A	0.73	0.269	0.119	2	2.06	2.04	0.176	0.0931	0	0
TCGA.HW.7486.01A	0.53	0.0759	0.0976	2	1.94	1.97	0.00926	0.0667	0.00741	0
TCGA.HW.7487.01A	0.59	0.505	0.0221	2	1.94	1.97	0.309	0.196	0	0.0112
TCGA.HW.7489.01A	0.71	0.178	0	2	2	2	0.104	0.0741	0	0
TCGA.HW.7490.01A	0.89	0.142	0.0256	2	2.01	2	0.0581	0.0835	0.00363	0
TCGA.HW.7491.01A	0.94	0.261	0.315	2	1.81	1.82	0.0457	0.216	0.0823	0
TCGA.HW.7493.01A	0.71	0.13	0.0563	2	2	2	0.0568	0.0733	0	0.00733
TCGA.HW.7495.01A	0.68	0.324	0.0337	2	1.95	1.97	0.0945	0.229	0.0109	0
TCGA.HW.8319.01A	0.76	0.546	0.021	2	1.97	1.98	0.143	0.403	0.0115	0
TCGA.HW.8320.01A	0.64	0.528	0	2	1.96	1.98	0.0902	0.438	0	0
TCGA.HW.8321.01A	0.69	0.2	0.0534	2	2	2	0.0826	0.118	0	0
TCGA.HW.8322.01A	0.83	0.317	0	2	1.94	1.95	0.147	0.17	0	0
TCGA.HW.A5KJ.01A	0.79	0.395	0.0506	2	1.96	1.96	0.18	0.215	0.02	0
TCGA.HW.A5KK.01A	0.15	0.361	0.398	2	1.98	2	0.233	0.128	0.0938	0.0125
TCGA.HW.A5KL.01A	0.75	0.295	0.0108	2	1.99	1.99	0.104	0.191	0	0.00319
TCGA.HW.A5KM.01A	0.72	0.376	0.027	2	2.01	2.01	0.195	0.181	0	0
TCGA.IK.7675.01A	0.98	0.375	0.28	2	1.9	1.9	0.196	0.179	0.105	0
TCGA.IK.8125.01A	0.81	0.163	0.213	2	1.93	1.94	0.0349	0.128	0.0349	0
TCGA.KT.A74X.01A	0.79	0.438	0.0702	2	1.88	1.9	0.182	0.257	0.0308	0
TCGA.KT.A7W1.01A	0.83	0.38	0.00844	2	2.01	2.01	0.199	0.181	0.00321	0
TCGA.P5.A5ET.01A	0.84	0.258	0.129	2	1.95	1.95	0.107	0.151	0.0332	0
TCGA.P5.A5EU.01A	0.83	0.452	0.14	2	1.77	1.81	0.134	0.318	0.0633	0
TCGA.P5.A5EV.01A	0.58	0.509	0.0941	2	1.93	1.96	0.246	0.263	0.022	0
TCGA.P5.A5EW.01A	0.83	0.502	0.0114	2	1.97	1.98	0.279	0.223	0.00382	0.00191
TCGA.P5.A5EX.01A	0.93	0.161	0.0328	2	1.92	1.92	0.0172	0.144	0.00528	0
TCGA.P5.A5EY.01A	0.06	0.436	1	2	2.01	2	0.202	0.234	0.275	0.216
TCGA.P5.A5EZ.01A	0.63	0.489	0.0173	2	1.94	1.97	0.222	0.267	0.00338	0
TCGA.P5.A5F1.01A	0.22	0.135	0.489	2	2.19	2.04	0.0673	0.0673	0.0102	0
TCGA.P5.A5F2.01A	0.78	0.387	0.0498	2	1.91	1.93	0.14	0.246	0.00962	0.00769
TCGA.P5.A5F4.01A	0.75	0.269	0.028	2	1.98	1.99	0.111	0.158	0	0.00188
TCGA.P5.A5F6.01A	0.88	0.484	0.661	2	1.49	1.55	0.00855	0.475	0.32	0
TCGA.P5.A72U.01A	0.24	0.0736	0.0192	2	1.9	1.97	0.00424	0.0693	0.00141	0
TCGA.P5.A72W.01A	0.87	0.26	0.119	2	1.93	1.94	0.12	0.14	0.0291	0
TCGA.P5.A72X.01A	0.71	0.295	0.00662	2	2	2	0.145	0.151	0.00196	0
TCGA.P5.A72Z.01A	0.93	0.431	0.199	2	1.86	1.87	0.163	0.268	0.0859	0
TCGA.P5.A730.01A	0.89	0.062	0.526	2	1.95	1.95	0	0.062	0.0326	0
TCGA.P5.A731.01A	0.85	0.108	0.0893	2	2.01	2.01	0.0484	0.06	0.0058	0
TCGA.P5.A733.01A	0.65	0.186	0.119	2	1.98	1.98	0.0793	0.107	0.00369	0
TCGA.P5.A735.01A	0.89	0.235	0.00806	2	1.98	1.98	0.0873	0.148	0	0.0019
TCGA.P5.A736.01A	0.59	0.0441	0.037	2	2	2	0.00817	0.0359	0	0.00163
TCGA.P5.A737.01A	0.87	0.503	0.0769	2	1.89	1.9	0.226	0.277	0.0387	0
TCGA.P5.A77W.01A	0.83	0.329	0.119	4	3.72	3.77	0.0882	0.241	0	0
TCGA.P5.A77X.01A	0.82	0.25	0.102	2	1.93	1.94	0.0965	0.154	0.0256	0
TCGA.P5.A780.01A	0.77	0.214	0.161	2	1.99	1.99	0.0708	0.143	0.00691	0.00173
TCGA.P5.A781.01A	0.78	0.162	0.0989	2	1.94	1.95	0.0624	0.0998	0.016	0
TCGA.QH.A65R.01A	0.86	0.095	0.265	2	1.92	1.93	0.0155	0.0795	0.0252	0
TCGA.QH.A65S.01A	0.67	0.155	0.061	2	2	2	0.0529	0.102	0.00189	0.00378
TCGA.QH.A65V.01A	0.67	0.265	0.015	2	1.94	1.96	0.0936	0.171	0.00398	0
TCGA.QH.A65Z.01A	0.9	0.182	0.204	2	1.91	1.92	0.0568	0.125	0.0372	0
TCGA.QH.A6CS.01A	0.23	0.135	0.347	2	2	2	0.0758	0.0596	0.0162	0
TCGA.QH.A6CU.01A	0.72	0.143	0.108	2	1.97	1.98	0.0619	0.0812	0.0155	0
TCGA.QH.A6CV.01A	0.76	0.369	0.364	2	2.2	2.15	0.202	0.167	0.0069	0.0069
TCGA.QH.A6CW.01A	0.85	0.314	0.0303	2	2.04	2.03	0.156	0.158	0.00381	0.0019
TCGA.QH.A6CX.01A	0.33	0.491	0.0697	2	2.17	2.06	0.463	0.0282	0	0.00604
TCGA.QH.A6CY.01A	0.72	0.0987	0.152	2	1.91	1.94	0.00897	0.0897	0.0149	0
TCGA.QH.A6CZ.01A	0.88	0.205	0	2	1.93	1.94	0.0798	0.125	0	0
TCGA.QH.A6X3.01A	0.89	0.146	0.0933	2	2	2	0.076	0.0702	0.0117	0.00195
TCGA.QH.A6X4.01A	0.81	0.559	0.0607	2	1.89	1.91	0.262	0.297	0.0339	0
TCGA.QH.A6X5.01A	0.71	0.104	0.0909	2	1.94	1.96	0.0114	0.093	0.00949	0
TCGA.QH.A6X8.01A	0.76	0.579	0.094	2	1.86	1.89	0.184	0.394	0.0505	0.00388
TCGA.QH.A6X9.01A	0.82	0.141	0.183	2	2.03	2.02	0.0635	0.0772	0.00172	0.012
TCGA.QH.A6XA.01A	0.83	0.238	0	2	2.01	2.01	0.125	0.113	0	0
TCGA.QH.A6XC.01A	0.79	0.152	0.51	2	2.04	2.03	0.0652	0.087	0.0171	0.00621
TCGA.QH.A86X.01A	0.94	0.156	0.1	4	3.9	3.91	0.072	0.0837	0	0
TCGA.QH.A870.01A	0.72	0.179	0.101	2	1.96	1.97	0.0763	0.102	0.00402	0
TCGA.R8.A6MK.01A	0.86	0.245	0.11	2	1.94	1.95	0.12	0.125	0.0271	0
TCGA.R8.A6ML.01A	0.76	0.0796	0	2	1.98	1.98	0.014	0.0656	0	0
TCGA.R8.A6YH.01A	0.92	0.397	0.0804	2	1.95	1.95	0.178	0.22	0.0299	0.002
TCGA.RY.A83X.01A	0.8	0.207	0.104	2	1.9	1.92	0.0631	0.144	0.0216	0
TCGA.RY.A83Y.01A	0.91	0.211	0.123	2	1.95	1.95	0.0865	0.125	0.026	0
TCGA.RY.A83Z.01A	0.93	0.222	0.106	2	1.87	1.88	0.0362	0.186	0.022	0.00157
TCGA.RY.A840.01A	0.94	0.178	0.215	2	1.94	1.94	0.0612	0.117	0.0382	0
TCGA.RY.A843.01A	0.78	0.147	0	2	2	2	0.0707	0.0765	0	0
TCGA.RY.A845.01A	0.72	0.303	0.0552	2	2.05	2.04	0.16	0.143	0	0
TCGA.RY.A847.01A	0.84	0.0793	0.341	2	1.95	1.96	0.029	0.0503	0.0271	0
TCGA.S9.A6TS.01A	0.83	0.202	0.0636	2	1.96	1.97	0.0202	0.182	0.0129	0
TCGA.S9.A6TU.01A	0.86	0.0291	0.0625	2	2.01	2.01	0.0164	0.0128	0	0.00182
TCGA.S9.A6TV.01A	0.91	0.401	0.0977	2	1.9	1.9	0.151	0.25	0.0354	0.00187
TCGA.S9.A6TX.01A	0.85	0.127	0.0156	4	3.86	3.88	0.0119	0.115	0	0
TCGA.S9.A6TY.01A	0.89	0.363	0.212	4	4.18	4.16	0.226	0.136	0	0
TCGA.S9.A6U0.01A	0.28	0.0345	0.0526	2	1.99	2	0.0127	0.0218	0	0
TCGA.S9.A6U2.01A	0.71	0.432	0.0209	2	1.92	1.94	0.206	0.226	0.00904	0
TCGA.S9.A6U5.01A	0.79	0.308	0.0291	2	1.95	1.96	0.113	0.195	0.00896	0
TCGA.S9.A6U6.01A	0.77	0.463	0.00389	2	1.97	1.98	0.155	0.308	0	0.0018
TCGA.S9.A6U8.01A	0.76	0.0697	0	2	2	2	0.0166	0.0531	0	0
TCGA.S9.A6U9.01A	0.74	0.0708	0.025	2	1.98	1.99	0.0212	0.0496	0	0.00177
TCGA.S9.A6UA.01A	0.51	0.208	0.0755	2	1.98	1.99	0.0734	0.135	0	0
TCGA.S9.A6UB.01A	0.88	0.308	0.00595	2	1.92	1.93	0.148	0.159	0.00183	0
TCGA.S9.A6WE.01A	0.9	0.0573	0.444	2	1.95	1.96	0.00318	0.0541	0.0255	0
TCGA.S9.A6WG.01A	0.65	0.106	0.0735	2	2.01	2.01	0.0484	0.0577	0	0
TCGA.S9.A6WH.01A	0.95	0.093	0.0179	2	1.96	1.96	0.0199	0.0731	0.00166	0
TCGA.S9.A6WL.01A	0.63	0.399	0.122	2	1.85	1.9	0.101	0.298	0.0489	0
TCGA.S9.A6WM.01A	0.92	0.414	0.0507	4	3.8	3.81	0.0859	0.328	0	0
TCGA.S9.A6WN.01A	0.22	0.177	0.205	2	1.95	1.99	0.104	0.0727	0.0205	0
TCGA.S9.A6WO.01A	0.66	0.207	0.112	2	2.09	2.06	0.128	0.0793	0	0
TCGA.S9.A6WP.01A	0.78	0.419	0	2	1.89	1.91	0.141	0.277	0	0
TCGA.S9.A6WQ.01A	0.67	0.148	0.0241	2	1.94	1.96	0.0286	0.12	0.00358	0
TCGA.S9.A7IQ.01A	0.52	0.242	0.0853	2	1.97	1.98	0.073	0.169	0.0187	0
TCGA.S9.A7IS.01A	0.81	0.436	0.0441	2	1.92	1.94	0.196	0.24	0.00768	0.00576
TCGA.S9.A7IX.01A	0.66	0.286	0.00503	2	1.84	1.9	0.0475	0.239	0	0
TCGA.S9.A7IY.01A	0.78	0.791	0.0463	4	4.03	4.02	0.724	0.0671	0	0
TCGA.S9.A7IZ.01A	0.79	0.133	0.0345	2	2.01	2.01	0.055	0.078	0	0.00459
TCGA.S9.A7J0.01A	0.87	0.556	0.1	2	1.94	1.95	0.279	0.276	0.0421	0.00168
TCGA.S9.A7J1.01A	0.73	0.322	0.0138	2	1.95	1.96	0.126	0.197	0.00148	0.00296
TCGA.S9.A7J2.01A	0.96	0.401	0.0752	2	1.95	1.95	0.195	0.206	0.0301	0
TCGA.S9.A7J3.01A	0.81	0.102	0.0167	2	1.94	1.95	0.0237	0.078	0.00169	0
TCGA.S9.A7QW.01A	0.73	0.454	0.155	2	2.13	2.1	0.294	0.16	0.0018	0
TCGA.S9.A7QX.01A	0.81	0.147	0.069	2	1.99	1.99	0.0492	0.0983	0.00847	0
TCGA.S9.A7QY.01A	0.7	0.188	0.0357	2	1.91	1.94	0.0402	0.147	0.0067	0
TCGA.S9.A7QZ.01A	0.83	0.389	0.0253	2	1.95	1.96	0.246	0.143	0.00984	0
TCGA.S9.A7R1.01A	0.81	0.519	0.0215	2	1.97	1.97	0.242	0.277	0.00186	0.00929
TCGA.S9.A7R4.01A	0.9	0.0896	0	2	1.99	2	0.0429	0.0466	0	0
TCGA.S9.A7R7.01A	0.57	0.419	0.00459	2	1.9	1.94	0.173	0.246	0.00192	0
TCGA.S9.A89V.01A	0.76	0.103	0	2	1.97	1.98	0.00873	0.0946	0	0
TCGA.S9.A89Z.01A	0.9	0.225	0.535	4	3.91	3.92	0.0716	0.154	0	0.00175
TCGA.TM.A7C3.01A	0.95	0.326	0.0146	2	2.02	2.02	0.154	0.172	0.00318	0
TCGA.TM.A7C4.01A	0.69	0.231	0.0479	2	1.95	1.96	0.0412	0.19	0.00634	0.00475
TCGA.TM.A7C5.01A	0.93	0.194	0.00909	4	3.76	3.77	0.0282	0.166	0	0
TCGA.TM.A7CA.01A	0.59	0.196	0.00763	2	2.01	2.01	0.087	0.109	0	0
TCGA.TM.A7CF.01A	0.76	0.211	0.0357	2	1.97	1.98	0.0904	0.121	0.00753	0
TCGA.TM.A7CF.02A	0.52	0.153	0.63	4	3.86	3.93	0.0188	0.134	0	0
TCGA.TM.A84F.01A	0.63	0.135	0.0137	2	1.98	1.99	0.0481	0.0869	0	0.00185
TCGA.TM.A84G.01A	0.92	0.349	0.0142	2	1.92	1.93	0.145	0.204	0.00493	0
TCGA.TM.A84H.01A	0.66	0.293	0.34	2	2.14	2.09	0.187	0.106	0	0
TCGA.TM.A84L.01A	0.68	0.0895	0.0189	2	1.97	1.98	0.0355	0.0541	0.00169	0
TCGA.TM.A84M.01A	0.7	0.0606	0.0444	2	2	2	0.0135	0.0471	0	0
TCGA.TM.A84O.01A	0.82	0.128	0.203	2	1.94	1.95	0.0279	0.101	0.0261	0
TCGA.TM.A84R.01A	0.23	0.0859	0.279	2	1.95	1.99	0.0254	0.0606	0.0169	0
TCGA.TM.A84S.01A	0.8	0.163	0.0991	2	1.91	1.93	0.0398	0.124	0.0162	0
TCGA.TM.A84T.01A	0.84	0.158	0.165	2	2.02	2.02	0.0855	0.0725	0	0.026
TCGA.TQ.A7RF.01A	0.94	0.177	0.0789	2	1.93	1.93	0.0434	0.133	0.014	0
TCGA.TQ.A7RG.01A	0.88	0.052	0.424	2	1.95	1.95	0	0.052	0.022	0
TCGA.TQ.A7RH.01A	0.87	0.396	0.236	4	4.02	4.02	0.183	0.213	0	0
TCGA.TQ.A7RI.01A	0.8	0.193	0.0455	2	1.97	1.97	0.0861	0.107	0.00879	0
TCGA.TQ.A7RJ.01A	0.76	0.159	0	2	2	2	0.0675	0.0916	0	0
TCGA.TQ.A7RK.01A	0.73	0.257	0.0377	2	2.01	2.01	0.129	0.128	0	0
TCGA.TQ.A7RK.02A	0.85	0.381	0.0339	2	2	2	0.194	0.187	0	0.00485
TCGA.TQ.A7RM.01A	0.96	0.507	0.097	4	3.96	3.96	0.202	0.304	0	0
TCGA.TQ.A7RN.01A	0.86	0.447	0.0568	2	1.95	1.96	0.193	0.254	0.0254	0
TCGA.TQ.A7RO.01A	0.85	0.25	0.134	2	1.95	1.95	0.147	0.104	0.0335	0
TCGA.TQ.A7RP.01A	0.17	0.505	0.408	2	2	2	0.29	0.215	0.0744	0.0285
TCGA.TQ.A7RQ.01A	0.85	0.425	0.0143	2	1.99	2	0.212	0.213	0.0061	0
TCGA.TQ.A7RR.01A	0.68	0.467	0.00806	2	1.96	1.97	0.256	0.211	0.00377	0
TCGA.TQ.A7RS.01A	0.97	0.271	0.0549	2	1.97	1.97	0.119	0.152	0.0149	0
TCGA.TQ.A7RU.01A	0.97	0.305	0.0432	2	1.96	1.96	0.168	0.137	0.0132	0
TCGA.TQ.A7RV.01A	0.66	0.0561	0.158	2	2.03	2.02	0.0384	0.0177	0	0
TCGA.TQ.A7RV.02A	0.75	0.0502	0.0294	2	2	2	0.0177	0.0325	0	0
TCGA.TQ.A7RW.01A	0.63	0.458	0.0119	2	1.99	1.99	0.224	0.235	0.00364	0
TCGA.TQ.A8XE.01A	0.87	0.314	0.0235	2	1.92	1.93	0.144	0.17	0.00185	0.00554
TCGA.TQ.A8XE.02A	0.92	0.217	0.212	2	1.94	1.95	0.0626	0.155	0.035	0
TCGA.VM.A8C8.01A	0.33	0.174	0.5	2	2.04	2.01	0.0869	0.0869	0.0463	0
TCGA.VM.A8C9.01A	0.12	0.149	0.784	2	2.06	2.01	0.044	0.105	0.0694	0.0186
TCGA.VM.A8CA.01A	0.74	0.559	0.0982	4	3.52	3.64	0.0392	0.52	0	0
TCGA.VM.A8CB.01A	0.98	0.0431	0.259	2	1.98	1.98	0.00638	0.0367	0.0112	0
TCGA.VM.A8CD.01A	0.63	0.383	0.0229	2	1.73	1.83	0.0738	0.309	0.00879	0
TCGA.VM.A8CE.01A	0.82	0.0624	0.41	2	1.95	1.96	0	0.0624	0.0256	0
TCGA.VM.A8CF.01A	0.83	0.455	0.313	4	4.13	4.11	0.233	0.221	0	0
TCGA.VM.A8CH.01A	0.86	0.129	0	2	2.01	2.01	0.0462	0.0827	0	0
TCGA.VV.A829.01A	0.93	0.316	0.0696	2	1.89	1.9	0.146	0.17	0.022	0
TCGA.VV.A86M.01A	0.83	0.521	0.0348	2	1.94	1.95	0.292	0.229	0.0181	0
TCGA.VW.A7QS.01A	0.95	0.266	0.125	2	1.95	1.96	0.131	0.135	0.0333	0
TCGA.VW.A8FI.01A	0.83	0.291	0.0178	2	1.99	1.99	0.107	0.184	0.00172	0.00172
TCGA.W9.A837.01A	0.83	0.158	0.228	2	1.94	1.95	0.0419	0.116	0.0359	0
TCGA.WH.A86K.01A	0.87	0.111	0.0972	2	1.99	1.99	0.02	0.0909	0	0.0108
TCGA.WY.A858.01A	0.66	0.165	0.075	2	1.99	1.99	0.068	0.0969	0.0124	0
TCGA.WY.A859.01A	0.78	0.224	0.115	2	1.9	1.92	0.0788	0.146	0.0223	0.00342
TCGA.WY.A85A.01A	0.84	0.109	0.161	2	2.02	2.02	0.07	0.0389	0	0
TCGA.WY.A85B.01A	0.89	0.0779	0.0588	2	1.99	1.99	0.0107	0.0672	0	0.00458
TCGA.WY.A85C.01A	0.92	0.0681	0.027	2	1.98	1.99	0.0239	0.0442	0.00184	0
TCGA.WY.A85D.01A	0.84	0.181	0.0194	2	1.93	1.94	0.0493	0.132	0.00352	0
TCGA.WY.A85E.01A	0.78	0.393	0.0101	2	1.94	1.95	0.0356	0.358	0	0.00198
