sampleid	purity	PC	PoP	Euploidy	pl.tumor	pl.overall	%amp	%del	%del.loh	%cn.loh
TCGA.AF.2687.01A	0.26	0.146	0.265	2	2.08	2.02	0.0583	0.0882	0.00897	0
TCGA.AF.2689.01A	0.85	0.266	0.295	2	1.91	1.92	0.0506	0.215	0.0532	0.0203
TCGA.AF.2690.01A	0.2	0.356	0.416	2	2.55	2.11	0.272	0.0846	0.0228	0.0114
TCGA.AF.2691.01A	0.41	0.552	0.159	2	2.19	2.08	0.339	0.213	0	0
TCGA.AF.2692.01A	0.84	0.377	0.276	2	2.12	2.1	0.259	0.119	0	0.0699
TCGA.AF.2693.01A	0.59	0.353	0.124	2	1.84	1.9	0.0992	0.254	0.0337	0.00595
TCGA.AF.3400.01A	0.17	0.173	0.412	2	1.99	2	0.0747	0.0979	0.032	0.0142
TCGA.AF.3911.01A	0.86	0.548	0.142	2	1.98	1.98	0.162	0.386	0.0207	0.00517
TCGA.AF.3913.01A	0.69	0.734	0.352	2	2.33	2.23	0.429	0.305	0.0138	0.0966
TCGA.AF.4110.01A	0.57	0.558	0.372	4	4.02	4.01	0.202	0.357	0	0
TCGA.AF.5654.01A	0.84	0.45	0.0158	2	2.02	2.02	0.104	0.346	0	0.00711
TCGA.AF.6136.01A	0.72	0.682	0.385	6	5.38	5.56	0.195	0.488	0	0
TCGA.AF.6655.01A	0.67	0.345	0.246	2	2.02	2.01	0.13	0.215	0	0.0243
TCGA.AF.6672.01A	0.79	0.371	0.161	4	3.72	3.78	0.0904	0.28	0	0
TCGA.AF.A56K.01A	0.69	0.446	0.33	4	4.16	4.11	0.193	0.253	0	0
TCGA.AF.A56L.01A	0.64	0.486	0.509	4	3.94	3.96	0.168	0.318	0	0
TCGA.AF.A56N.01A	0.8	0.322	0.0777	2	1.92	1.93	0.0733	0.248	0.0167	0
TCGA.AG.3574.01A	0.86	0.396	0.0365	2	2.15	2.13	0.254	0.142	0.00206	0
TCGA.AG.3575.01A	0.77	0.275	0.305	2	1.9	1.93	0.0571	0.218	0.0589	0.025
TCGA.AG.3578.01A	0.87	0.591	0.342	4	3.65	3.69	0.212	0.379	0	0
TCGA.AG.3580.01A	0.52	0.66	0.0298	2	2.02	2.01	0.358	0.303	0	0
TCGA.AG.3581.01A	0.66	0.206	0.252	2	1.89	1.92	0.0305	0.176	0.0287	0.0108
TCGA.AG.3582.01A	0.83	0.722	0.345	4	3.72	3.77	0.136	0.586	0	0
TCGA.AG.3583.01A	0.83	0.221	0.12	2	1.94	1.95	0.0514	0.17	0.014	0.0125
TCGA.AG.3584.01A	0.75	0.611	0.229	2	1.9	1.92	0.221	0.391	0.0631	0.0552
TCGA.AG.3586.01A	0.71	0.356	0.0231	2	2.08	2.05	0.204	0.152	0.00206	0
TCGA.AG.3587.01A	0.86	0.901	0.32	4	3.67	3.72	0.301	0.6	0	0
TCGA.AG.3591.01A	0.92	0.604	0.0939	4	3.58	3.61	0.129	0.475	0	0
TCGA.AG.3592.01A	0.82	0.699	0.273	4	3.89	3.91	0.212	0.487	0	0
TCGA.AG.3593.01A	0.89	0.742	0.224	4	3.55	3.6	0.178	0.564	0	0
TCGA.AG.3594.01A	0.62	0.435	0.448	2	1.98	1.99	0.169	0.266	0.063	0.0965
TCGA.AG.3598.01A	0.81	0.323	0.503	2	2.07	2.05	0.198	0.124	0.024	0.016
TCGA.AG.3599.01A	0.85	0.297	0.129	2	2.01	2.01	0.152	0.145	0.00606	0.00808
TCGA.AG.3600.01A	0.79	0.831	0.324	2	2.47	2.37	0.509	0.323	0.00855	0.0983
TCGA.AG.3602.01A	0.66	0.379	0.415	2	1.83	1.89	0.0776	0.301	0.0536	0.0721
TCGA.AG.3608.01A	0.75	0.387	0.346	2	2.07	2.05	0.196	0.19	0.0283	0.0344
TCGA.AG.3609.01A	0.7	0.91	0.396	2	2.59	2.41	0.469	0.441	0	0.133
TCGA.AG.3612.01A	0.76	0.658	0.285	2	2.17	2.13	0.277	0.381	0.0268	0.068
TCGA.AG.3725.01A	0.81	0.877	0.365	2	2.88	2.71	0.787	0.0895	0	0.155
TCGA.AG.3726.01A	0.79	0.16	0.253	2	1.94	1.96	0.0372	0.123	0.0275	0
TCGA.AG.3727.01A	0.87	0.269	0.0265	2	1.9	1.92	0.0783	0.19	0.00712	0
TCGA.AG.3728.01A	0.61	0.616	0.221	2	2.12	2.07	0.368	0.248	0.00181	0.0743
TCGA.AG.3731.01A	0.44	0.492	0.489	4	4.2	4.09	0.238	0.253	0	0
TCGA.AG.3732.01A	0.66	0.443	0.062	2	1.77	1.85	0.104	0.339	0.0183	0
TCGA.AG.3742.01A	0.89	0.344	0.473	4	3.97	3.97	0.148	0.196	0	0
TCGA.AG.3878.01A	0.43	0.553	0.00727	2	2.05	2.02	0.262	0.292	0	0
TCGA.AG.3881.01A	0.66	0.717	0.142	2	2.29	2.19	0.438	0.279	0.0199	0.0239
TCGA.AG.3882.01A	0.7	0.772	0.503	4	3.59	3.71	0.0653	0.707	0	0
TCGA.AG.3883.01A	0.63	0.49	0.452	4	3.84	3.9	0.165	0.325	0	0
TCGA.AG.3885.01A	0.89	0.875	0.15	4	3.11	3.21	0.107	0.767	0	0
TCGA.AG.3887.01A	0.9	0.223	0.51	4	3.98	3.99	0.0937	0.129	0	0
TCGA.AG.3890.01A	0.62	0.416	0.13	2	1.9	1.94	0.11	0.306	0.00721	0.027
TCGA.AG.3892.01A	0.11	0.11	0.726	2	1.99	2	0.0443	0.0656	0.0408	0.0124
TCGA.AG.3893.01A	0.82	0.276	0.255	2	1.99	1.99	0.083	0.193	0.00128	0.0102
TCGA.AG.3894.01A	0.18	0.0855	0.8	2	2.25	2.05	0.0718	0.0137	0.00513	0.00342
TCGA.AG.3896.01A	0.64	0.602	0.102	2	2.13	2.08	0.335	0.267	0.0131	0.0206
TCGA.AG.3898.01A	0.78	0.159	0.0431	2	1.99	1.99	0.0343	0.125	0	0
TCGA.AG.3901.01A	0.36	0.112	0	2	1.95	1.98	0.0242	0.0875	0	0
TCGA.AG.3902.01A	0.55	0.189	0.64	4	3.98	3.99	0.0495	0.14	0	0
TCGA.AG.3999.01A	0.78	0.82	0.349	4	3.41	3.54	0.143	0.676	0	0
TCGA.AG.4001.01A	0.62	0.476	0.522	4	3.97	3.98	0.136	0.339	0	0
TCGA.AG.4005.01A	0.76	0.599	0.0755	2	1.97	1.98	0.136	0.464	0.00323	0.0291
TCGA.AG.4007.01A	0.77	0.322	0.262	4	4.13	4.1	0.151	0.17	0	0
TCGA.AG.4008.01A	0.64	0.286	0.223	2	1.96	1.98	0.0858	0.201	0.0182	0.0128
TCGA.AG.4015.01A	0.83	0.571	0.0897	2	2.18	2.15	0.341	0.231	0.00366	0.00183
TCGA.AG.4021.01A	0.82	0.307	0.228	2	1.85	1.87	0.0545	0.252	0.0324	0
TCGA.AG.4022.01A	0.64	0.694	0.368	2	2.34	2.22	0.389	0.305	0.0177	0.138
TCGA.AG.A01W.01A	0.7	0.794	0.503	4	3.48	3.64	0.162	0.631	0	0
TCGA.AG.A01Y.01A	0.82	0.478	0.239	2	1.96	1.96	0.173	0.305	0.0846	0.00591
TCGA.AG.A020.01A	0.93	0.223	0.159	2	1.98	1.98	0.0903	0.132	0.0161	0.00484
TCGA.AG.A02N.01A	0.83	0.558	0.0209	2	2.08	2.07	0.319	0.239	0.00195	0.00389
TCGA.AH.6544.01A	0.57	0.151	0.0185	2	2.01	2.01	0.098	0.0532	0	0.0028
TCGA.AH.6547.01A	0.73	0.379	0	2	2.01	2	0.185	0.194	0	0
TCGA.AH.6643.01A	0.78	0.589	0.074	2	1.86	1.89	0.153	0.436	0.00348	0.0157
TCGA.AH.6644.01A	0.73	0.413	0.239	4	3.99	3.99	0.153	0.259	0	0
TCGA.AH.6897.01A	0.89	0.288	0.0893	2	2	2	0.0788	0.209	0.0103	0.00342
TCGA.AH.6903.01A	0.09	0.182	0.848	2	1.98	2	0.0884	0.0936	0.111	0.0208
TCGA.BM.6198.01A	0.57	0.5	0.2	2	1.61	1.78	0.0442	0.456	0.0365	0.0519
TCGA.CI.6619.01B	0.47	0.485	0.371	4	4.02	4.01	0.156	0.328	0	0
TCGA.CI.6620.01A	0.6	0.356	0.492	4	3.67	3.8	0.0597	0.297	0	0
TCGA.CI.6621.01A	0.65	0.458	0.0643	2	1.95	1.97	0.111	0.346	0.00163	0.0114
TCGA.CI.6622.01A	0.71	0.171	0.415	2	2.06	2.04	0.0765	0.0946	0	0.00556
TCGA.CI.6623.01B	0.68	0.627	0.434	4	3.86	3.9	0.187	0.44	0	0
TCGA.CI.6624.01C	0.36	0.651	0.203	2	2.26	2.09	0.435	0.216	0	0.0056
TCGA.CL.4957.01A	0.63	0.886	0.288	2	2.61	2.39	0.749	0.137	0.0228	0.019
TCGA.CL.5917.01A	0.83	0.721	0.198	2	1.97	1.97	0.202	0.519	0	0.0636
TCGA.CL.5918.01A	0.83	0.675	0.0273	2	1.91	1.93	0.156	0.518	0.00767	0
TCGA.DC.4745.01A	0.81	0.618	0.175	2	2.13	2.11	0.307	0.311	0.013	0.00372
TCGA.DC.4749.01A	0.88	0.417	0.202	2	1.88	1.89	0.0764	0.34	0.078	0.00156
TCGA.DC.5337.01A	0.75	0.119	0.0484	2	2.04	2.03	0.0614	0.0576	0.00576	0
TCGA.DC.5869.01A	0.56	0.69	0.534	4	4.84	4.47	0.515	0.175	0	0
TCGA.DC.6154.01A	0.83	0.55	0.117	2	2	2	0.197	0.354	0.0149	0.0496
TCGA.DC.6155.01A	0.69	0.566	0.058	2	2.09	2.06	0.361	0.205	0	0.0116
TCGA.DC.6156.01A	0.55	0.457	0.199	2	2.25	2.14	0.323	0.134	0	0.0199
TCGA.DC.6157.01A	0.74	0.42	0.18	4	4.12	4.09	0.189	0.232	0	0
TCGA.DC.6158.01A	0.6	0.562	0.133	2	1.87	1.92	0.13	0.432	0.00347	0.0295
TCGA.DC.6681.01A	0.19	0.125	0.192	2	1.86	1.97	0.0171	0.108	0.00684	0.0103
TCGA.DC.6682.01A	0.61	0.526	0.326	4	3.76	3.85	0.17	0.356	0	0
TCGA.DC.6683.01A	0.73	0.407	0.0568	2	1.96	1.97	0.101	0.306	0.00178	0.00534
TCGA.DT.5265.01A	0.66	0.402	0.41	4	3.8	3.87	0.127	0.275	0	0
TCGA.DY.A0XA.01A	0.79	0.564	0.119	2	2.07	2.05	0.299	0.265	0.0192	0.00576
TCGA.DY.A1DC.01A	0.71	0.376	0.234	2	2.16	2.12	0.222	0.154	0.026	0.02
TCGA.DY.A1DD.01A	0.87	0.512	0.0307	2	2.08	2.07	0.171	0.341	0.00588	0
TCGA.DY.A1DE.01A	0.84	0.601	0.201	4	3.43	3.52	0.0914	0.51	0	0
TCGA.DY.A1DF.01A	0.95	0.574	0.312	4	3.87	3.88	0.134	0.44	0	0
TCGA.DY.A1DG.01A	0.96	0.398	0.285	4	3.61	3.63	0.0262	0.372	0	0.0279
TCGA.DY.A1H8.01A	0.88	0.469	0.1	2	2.1	2.09	0.255	0.214	0.0451	0
TCGA.EF.5830.01A	0.92	0.445	0.515	4	4.01	4.01	0.171	0.274	0	0.00145
TCGA.EF.5831.01A	0.69	0.52	0.303	4	3.97	3.98	0.197	0.322	0	0
TCGA.EI.6506.01A	0.73	0.126	0.111	2	2	2	0.0433	0.0828	0.00127	0
TCGA.EI.6507.01A	0.07	0.0346	1	2	2.07	2	0.0128	0.0219	0.0128	0.0219
TCGA.EI.6508.01A	0.8	0.292	0.213	2	1.94	1.95	0.0981	0.194	0.0396	0.0208
TCGA.EI.6509.01A	0.84	0.384	0.218	2	2.02	2.02	0.149	0.235	0.0437	0
TCGA.EI.6510.01A	0.76	0.422	0.178	2	2.23	2.18	0.291	0.131	0	0.03
TCGA.EI.6511.01A	0.63	0.371	0.367	2	1.96	1.98	0.117	0.253	0.0586	0.0491
TCGA.EI.6512.01A	0.76	0.885	0.761	4	3.48	3.6	0.167	0.718	0	0
TCGA.EI.6513.01A	0.83	0.384	0.239	2	1.94	1.95	0.158	0.226	0.0897	0
TCGA.EI.6514.01A	0.86	0.366	0.264	2	2.03	2.02	0.114	0.252	0.0224	0
TCGA.EI.6881.01A	0.69	0.481	0.0346	2	1.95	1.97	0.224	0.257	0.0111	0
TCGA.EI.6882.01A	0.6	0.471	0.0696	2	2.03	2.02	0.262	0.209	0	0
TCGA.EI.6883.01A	0.78	0.344	0.255	2	1.93	1.95	0.138	0.206	0.043	0.0215
TCGA.EI.6884.01A	0.61	0.189	0.218	2	2.06	2.04	0.0838	0.105	0	0
TCGA.EI.6885.01A	0.7	0.495	0.118	2	2.05	2.03	0.103	0.392	0.0117	0
TCGA.EI.6917.01A	0.12	0.202	0.763	2	1.94	1.99	0.0566	0.146	0.101	0.0274
TCGA.EI.7002.01A	0.87	0.528	0.36	4	3.43	3.5	0.073	0.455	0	0
TCGA.EI.7004.01A	0.56	0.171	0.628	4	3.85	3.91	0.0283	0.143	0	0
TCGA.F5.6464.01A	0.47	0.442	0.283	2	2.36	2.17	0.329	0.113	0.0222	0.00202
TCGA.F5.6465.01A	0.66	0.246	0.0379	2	2.1	2.06	0.136	0.11	0	0
TCGA.F5.6571.01A	0.78	0.374	0.192	2	1.92	1.94	0.109	0.265	0.031	0
TCGA.F5.6702.01A	0.61	0.226	0.327	2	2.09	2.05	0.104	0.122	0	0
TCGA.F5.6810.01A	0.8	0.448	0.31	4	4.04	4.04	0.192	0.256	0	0
TCGA.F5.6812.01A	0.51	0.483	0.241	2	1.96	1.98	0.172	0.311	0.0134	0.0706
TCGA.F5.6813.01A	0.64	0.515	0.357	2	1.77	1.85	0.0864	0.428	0.14	0.00919
TCGA.F5.6814.01A	0.8	0.0695	0.0233	2	1.99	1.99	0.00646	0.063	0	0.00162
TCGA.F5.6861.01A	0.5	0.166	0.159	2	2.04	2.02	0.0623	0.104	0	0.0245
TCGA.F5.6863.01A	0.78	0.363	0.167	2	2.04	2.04	0.162	0.201	0.0107	0.00178
TCGA.F5.6864.01A	0.66	0.39	0.169	2	1.99	1.99	0.11	0.28	0	0.00658
TCGA.G5.6233.01A	0.64	0.713	0.193	4	3.72	3.82	0.177	0.536	0	0
TCGA.G5.6235.01A	0.22	0.268	0.47	2	2.27	2.06	0.165	0.103	0.027	0.0108
TCGA.G5.6572.01A	0.74	0.387	0.197	2	1.97	1.98	0.12	0.267	0.0457	0.00169
TCGA.G5.6572.02A	0.2	0.376	0.32	2	1.99	2	0.137	0.239	0.066	0.00508
TCGA.G5.6641.01A	0.76	0.54	0.236	4	3.96	3.97	0.144	0.396	0	0
