sampleid	purity	PC	PoP	Euploidy	pl.tumor	pl.overall	%amp	%del	%del.loh	%cn.loh
TCGA.02.0001.01C	0.64	0.57	0.0904	2	1.97	1.98	0.168	0.402	0.00515	0
TCGA.02.0002.01A	0.97	0.0113	0.167	2	2	2	0.00375	0.0075	0	0.00188
TCGA.02.0003.01A	0.85	0.353	0	2	1.93	1.94	0.144	0.209	0	0
TCGA.02.0006.01B	0.57	0.344	0.0104	2	1.87	1.92	0.043	0.301	0.00179	0
TCGA.02.0007.01A	0.95	0.287	0.361	2	1.87	1.87	0.0625	0.225	0.082	0
TCGA.02.0009.01A	0.89	0.307	0.0131	2	1.95	1.96	0.131	0.177	0.00201	0
TCGA.02.0010.01A	0.82	0.606	0.00608	2	1.91	1.93	0.267	0.339	0	0
TCGA.02.0011.01B	0.9	0.547	0.253	4	3.68	3.71	0.231	0.315	0	0
TCGA.02.0014.01A	0.9	0.548	0.0414	2	1.94	1.94	0.22	0.328	0.0122	0.00349
TCGA.02.0015.01A	0.84	0.503	0.00345	2	2	2	0.291	0.211	0	0.00173
TCGA.02.0016.01A	0.81	0.492	0.0268	2	1.91	1.93	0.222	0.27	0.0115	0
TCGA.02.0021.01A	0.89	0.389	0.0283	2	1.99	1.99	0.169	0.22	0.011	0
TCGA.02.0023.01B	0.76	0.374	0.00442	2	1.95	1.96	0.174	0.2	0	0
TCGA.02.0024.01B	0.93	0.335	0.0918	2	1.96	1.96	0.0939	0.241	0.0307	0
TCGA.02.0025.01A	0.18	0.285	0.158	2	2.1	2.02	0.139	0.146	0.00901	0.0126
TCGA.02.0026.01B	0.84	0.283	0.0496	2	1.9	1.92	0.122	0.16	0.014	0
TCGA.02.0027.01A	0.65	0.148	0.013	2	1.89	1.93	0.0134	0.134	0.00192	0
TCGA.02.0028.01A	0.95	0.231	0.662	4	3.98	3.99	0.0985	0.132	0	0
TCGA.02.0033.01A	0.38	0.196	0.066	2	2.01	2.01	0.113	0.083	0	0
TCGA.02.0034.01A	0.49	0.179	0.711	4	3.69	3.85	0.00921	0.169	0	0
TCGA.02.0037.01A	0.85	0.298	0.0539	2	2.01	2.01	0.121	0.176	0.00178	0.0143
TCGA.02.0038.01A	0.77	0.49	0.0189	2	1.93	1.95	0.178	0.312	0.00742	0
TCGA.02.0039.01A	0.2	0.454	0.0356	2	1.39	1.88	0.135	0.319	0.00202	0
TCGA.02.0043.01A	0.97	0.195	0.579	4	3.95	3.95	0.0919	0.103	0	0.00968
TCGA.02.0046.01A	0.89	0.317	0.0144	2	2	2	0.175	0.142	0.00305	0
TCGA.02.0047.01A	0.72	0.137	0.156	2	1.97	1.98	0.0177	0.119	0.00887	0.0124
TCGA.02.0048.01A	0.87	0.475	0.0156	2	1.95	1.96	0.294	0.181	0.00185	0
TCGA.02.0051.01A	0.79	0.755	0.0383	2	1.88	1.91	0.188	0.567	0.00361	0.0253
TCGA.02.0052.01A	0.69	0.157	0.0444	2	1.91	1.94	0.0227	0.135	0.00699	0
TCGA.02.0054.01A	0.45	0.354	0.175	2	2.06	2.03	0.142	0.212	0	0
TCGA.02.0055.01A	0.69	0.595	0.424	6	5.47	5.63	0.112	0.484	0	0
TCGA.02.0057.01A	0.17	0.217	0.453	2	2.08	2.01	0.141	0.0762	0.0428	0.013
TCGA.02.0058.01A	0.77	0.278	0	2	1.93	1.95	0.0925	0.185	0	0
TCGA.02.0059.01A	0.66	0.294	0.0483	2	1.96	1.97	0.126	0.168	0	0.0101
TCGA.02.0060.01A	0.76	0.133	0.229	2	1.97	1.98	0.0323	0.101	0.0247	0
TCGA.02.0064.01A	0.58	0.32	0.0353	2	1.9	1.94	0.0996	0.22	0.00376	0
TCGA.02.0068.01A	0.66	0.404	0.0136	2	1.93	1.96	0.204	0.2	0	0
TCGA.02.0069.01A	0.79	0.663	0.382	4	4.02	4.01	0.227	0.437	0	0
TCGA.02.0070.01A	0.42	0.336	0	2	1.96	1.98	0.101	0.235	0	0
TCGA.02.0071.01A	0.67	0.42	0.0321	2	1.98	1.99	0.197	0.224	0.00963	0
TCGA.02.0074.01A	0.85	0.48	0.154	2	1.93	1.94	0.173	0.307	0.0369	0.00388
TCGA.02.0075.01A	0.67	0.433	0.0726	2	1.89	1.93	0.105	0.328	0	0.00873
TCGA.02.0079.01A	0.24	0.235	0.15	2	1.94	1.99	0.0989	0.136	0.0106	0
TCGA.02.0080.01A	0.76	0.384	0.0531	2	2.05	2.04	0.219	0.165	0	0
TCGA.02.0083.01A	0.92	0.344	0.145	2	1.91	1.92	0.105	0.239	0.0497	0
TCGA.02.0084.01A	0.7	0.427	0.0435	4	3.77	3.84	0.111	0.315	0	0
TCGA.02.0085.01A	0.45	0.343	0.0106	2	2.05	2.02	0.258	0.0853	0.00181	0
TCGA.02.0086.01A	0.68	0.577	0.216	6	5.55	5.7	0.158	0.419	0	0
TCGA.02.0089.01A	0.67	0.242	0.0226	2	1.93	1.96	0.0783	0.164	0.00364	0
TCGA.02.0099.01A	0.7	0.467	0.076	2	1.82	1.87	0.133	0.335	0.0299	0.00561
TCGA.02.0102.01A	0.95	0.162	0.526	4	4	4	0.0833	0.0782	0	0
TCGA.02.0104.01A	0.87	0.347	0.13	2	1.93	1.94	0.143	0.204	0.0235	0
TCGA.02.0107.01A	0.17	0.194	0.381	2	1.94	1.99	0.067	0.127	0.0395	0.0189
TCGA.02.0113.01A	0.67	0.56	0.00317	2	1.55	1.7	0.0178	0.542	0.00178	0
TCGA.02.0114.01A	0.91	0.549	0.087	2	1.92	1.93	0.181	0.369	0.0478	0
TCGA.02.0115.01A	0.54	0.157	0.156	2	1.97	1.99	0.0524	0.105	0.00524	0.00175
TCGA.02.0116.01A	0.93	0.268	0.568	4	3.93	3.94	0.116	0.152	0	0
TCGA.02.2466.01A	0.99	0.346	0.44	6	5.67	5.67	0.109	0.237	0	0
TCGA.02.2470.01A	0.5	0.302	0.405	2	1.97	1.98	0.11	0.192	0.0429	0.0612
TCGA.02.2483.01A	0.75	0.38	0.158	4	3.95	3.96	0.133	0.247	0	0
TCGA.02.2485.01A	0.98	0.377	0.158	4	3.94	3.94	0.145	0.231	0	0.0035
TCGA.02.2486.01A	0.68	0.236	0.252	2	1.85	1.9	0.0483	0.188	0.0576	0
TCGA.06.0119.01A	0.1	0.521	0.822	2	1.98	2	0.243	0.278	0.367	0.0309
TCGA.06.0122.01A	0.7	0.545	0.056	2	1.92	1.94	0.222	0.323	0.0244	0.00407
TCGA.06.0124.01A	0.63	0.43	0.0255	2	1.86	1.91	0.0861	0.344	0.011	0
TCGA.06.0125.01A	0.97	0.304	0.33	4	4.04	4.04	0.127	0.177	0	0.0136
TCGA.06.0125.02A	0.6	0.111	0.0597	2	1.96	1.98	0.0316	0.0799	0	0.00499
TCGA.06.0126.01A	0.84	0.367	0.377	4	3.98	3.99	0.18	0.187	0	0
TCGA.06.0127.01A	0.6	0.212	0.105	2	1.99	1.99	0.099	0.113	0.00404	0.00808
TCGA.06.0128.01A	0.85	0.4	0.0369	2	1.89	1.9	0.0738	0.327	0.0148	0
TCGA.06.0129.01A	0.94	0.263	0.0778	2	1.96	1.96	0.11	0.153	0.0189	0
TCGA.06.0130.01A	0.2	0.343	0.369	2	2.23	2.05	0.229	0.114	0.037	0.0141
TCGA.06.0132.01A	0.23	0.0811	0.429	2	1.92	1.98	0	0.0811	0.0347	0
TCGA.06.0133.01A	0.72	0.524	0.0361	2	2.04	2.03	0.169	0.355	0	0
TCGA.06.0139.01A	0.07	0.322	1	2	2	2	0.15	0.172	0.22	0.136
TCGA.06.0139.01B	0.08	0.454	0.991	2	2.13	2.01	0.24	0.214	0.402	0.05
TCGA.06.0140.01A	0.54	0.568	0.0395	2	1.91	1.95	0.178	0.391	0.0206	0
TCGA.06.0141.01A	0.11	0.299	0.771	2	1.94	1.99	0.114	0.184	0.166	0.0461
TCGA.06.0142.01A	0.64	0.0545	0.0278	2	2	2	0.0242	0.0303	0	0
TCGA.06.0143.01A	0.62	0.442	0.0081	2	1.93	1.95	0.123	0.318	0.00179	0
TCGA.06.0145.01A	0.84	0.388	0.0439	2	1.96	1.97	0.159	0.229	0.017	0
TCGA.06.0147.01A	0.46	0.218	0.00709	2	2	2	0.0851	0.133	0	0.00155
TCGA.06.0148.01A	0.95	0.224	0.464	4	4	4	0.0935	0.131	0	0
TCGA.06.0150.01A	0.63	0.467	0.0328	2	1.91	1.94	0.0441	0.423	0.0134	0
TCGA.06.0151.01A	0.68	0.49	0.0168	2	1.81	1.87	0.0905	0.399	0.00823	0
TCGA.06.0152.01A	0.69	0.546	0.151	4	4.23	4.16	0.379	0.167	0	0
TCGA.06.0152.02A	0.71	0.3	0.0366	2	2.03	2.02	0.176	0.125	0.00183	0.00733
TCGA.06.0154.01A	0.71	0.44	0.0284	2	1.92	1.95	0.144	0.296	0.0104	0
TCGA.06.0155.01B	0.9	0.173	0.504	4	3.96	3.97	0.0696	0.103	0	0.00134
TCGA.06.0157.01A	0.82	0.429	0.0132	2	1.92	1.94	0.0376	0.391	0.00564	0
TCGA.06.0158.01A	0.77	0.571	0.0325	2	1.92	1.94	0.198	0.373	0.00825	0
TCGA.06.0159.01A	0.62	0.507	0.26	4	3.78	3.86	0.146	0.361	0	0
TCGA.06.0160.01A	0.53	0.0138	0	2	2	2	0.00692	0.00692	0	0
TCGA.06.0165.01A	0.46	0.0213	0	2	2	2	0.0071	0.0142	0	0
TCGA.06.0166.01A	0.6	0.214	0.173	2	2.05	2.03	0.128	0.0863	0	0.0216
TCGA.06.0168.01A	0.65	0.41	0.135	2	1.92	1.95	0.135	0.275	0.0218	0.0119
TCGA.06.0169.01A	0.55	0.378	0.0603	2	1.9	1.95	0.057	0.321	0.0133	0.00951
TCGA.06.0171.01A	0.71	0.394	0.0161	2	1.89	1.92	0.113	0.281	0.00635	0
TCGA.06.0171.02A	0.69	0.00476	NaN	2	2	2	0	0.00476	0	0
TCGA.06.0173.01A	0.91	0.442	0.0905	2	2	2	0.232	0.211	0.0379	0
TCGA.06.0174.01A	0.83	0.526	0.0193	2	2.06	2.05	0.293	0.234	0	0
TCGA.06.0176.01A	0.5	0.837	0.0394	2	1.74	1.87	0.0447	0.792	0	0.033
TCGA.06.0178.01A	0.64	0.133	0	2	2	2	0.0665	0.0665	0	0
TCGA.06.0184.01A	0.52	0.609	0.174	2	1.76	1.88	0.147	0.462	0.0939	0
TCGA.06.0185.01A	0.9	0.418	0.269	4	3.95	3.95	0.177	0.24	0	0
TCGA.06.0187.01A	0.89	0.399	0.0286	2	1.95	1.95	0.196	0.203	0.0114	0
TCGA.06.0188.01A	0.85	0.416	0.0796	2	1.86	1.88	0.105	0.311	0.0331	0
TCGA.06.0189.01A	0.14	0.184	0.596	2	1.94	1.99	0.051	0.133	0.0667	0.0118
TCGA.06.0190.01A	0.55	0.467	0.158	2	1.95	1.97	0.148	0.319	0.018	0.0523
TCGA.06.0190.02A	0.5	0.384	0.117	2	2.04	2.02	0.217	0.168	0	0.0433
TCGA.06.0192.01B	0.54	0.265	0.0714	2	1.93	1.96	0.0663	0.199	0.00379	0
TCGA.06.0195.01B	0.79	0.501	0.154	4	3.83	3.87	0.177	0.324	0	0
TCGA.06.0197.01A	0.52	0.342	0.155	2	1.9	1.95	0.116	0.226	0	0
TCGA.06.0201.01A	0.22	0.331	0.211	2	1.98	2	0.18	0.151	0.0257	0
TCGA.06.0206.01A	0.64	0.429	0.132	2	1.99	2	0.143	0.286	0.00332	0
TCGA.06.0208.01B	0.75	0.402	0.0327	2	1.93	1.95	0.143	0.259	0.0132	0
TCGA.06.0209.01A	0.59	0.546	0.053	2	1.94	1.97	0.187	0.359	0.00772	0.0212
TCGA.06.0210.01A	0.67	0.292	0.0268	2	1.91	1.94	0.0863	0.206	0.00588	0
TCGA.06.0210.01B	0.2	0.449	0.227	2	2.17	2.03	0.345	0.104	0.0196	0.00392
TCGA.06.0210.02A	0.7	0.416	0.0943	4	3.87	3.91	0.163	0.253	0	0
TCGA.06.0211.01A	0.69	0.154	0.114	2	1.95	1.96	0.0351	0.119	0.0136	0
TCGA.06.0211.01B	0.87	0.361	0.0216	2	1.96	1.97	0.0877	0.273	0.0078	0
TCGA.06.0211.02A	0.66	0.524	0.0409	2	1.89	1.93	0.0682	0.456	0.0195	0
TCGA.06.0213.01A	0.61	0.433	0.0972	2	2.02	2.01	0.179	0.254	0.00175	0.00175
TCGA.06.0214.01A	0.64	0.429	0.0173	2	1.85	1.9	0.106	0.323	0.00743	0
TCGA.06.0216.01A	0.73	0.451	0	2	1.99	1.99	0.174	0.276	0	0
TCGA.06.0216.01B	0.91	0.458	0.278	2	1.78	1.8	0.0485	0.409	0.127	0
TCGA.06.0219.01A	0.63	0.219	0.0084	2	1.8	1.88	0.0147	0.204	0.00184	0
TCGA.06.0221.01A	0.79	0.432	0.0491	2	1.95	1.96	0.18	0.253	0.0135	0.00386
TCGA.06.0221.02A	0.78	0.228	0.11	2	1.93	1.95	0.0849	0.143	0.0154	0
TCGA.06.0237.01A	0.87	0.398	0.119	2	1.93	1.94	0.14	0.258	0.0256	0.0158
TCGA.06.0238.01A	0.82	0.294	0.294	4	3.92	3.93	0.126	0.169	0	0
TCGA.06.0240.01A	0.07	0.299	1	2	1.98	2	0.0991	0.2	0.25	0.0725
TCGA.06.0241.01A	0.88	0.518	0.0425	2	1.93	1.94	0.178	0.34	0.022	0
TCGA.06.0644.01A	0.63	0.455	0.0115	2	2	2	0.215	0.24	0.00347	0
TCGA.06.0645.01A	0.62	0.488	0.0769	2	2.07	2.04	0.259	0.229	0.00791	0
TCGA.06.0646.01A	0.81	0.346	0.00595	2	1.91	1.93	0.146	0.2	0	0
TCGA.06.0648.01A	0.97	0.278	0.207	4	3.95	3.95	0.113	0.165	0	0.0153
TCGA.06.0649.01B	0.59	0.503	0.0667	2	1.83	1.9	0.121	0.382	0.00931	0.00745
TCGA.06.0650.01A	0.18	0.227	0.391	2	1.96	1.99	0.0952	0.131	0.0378	0.0164
TCGA.06.0686.01A	0.86	0.516	0.115	2	2.05	2.04	0.256	0.26	0.00394	0
TCGA.06.0743.01A	0.85	0.338	0.0123	2	2	2	0.16	0.178	0.00207	0
TCGA.06.0744.01A	0.91	0.229	0	2	1.95	1.95	0.0846	0.145	0	0
TCGA.06.0745.01A	0.78	0.401	0.0254	2	1.9	1.92	0.157	0.244	0.0102	0
TCGA.06.0747.01A	0.9	0.519	0.112	2	1.95	1.96	0.195	0.324	0.0116	0.0463
TCGA.06.0749.01A	0.54	0.268	0.279	2	1.92	1.96	0.0956	0.172	0.0153	0.0115
TCGA.06.0750.01A	0.74	0.227	0.0735	2	1.86	1.9	0.0334	0.194	0.015	0
TCGA.06.0875.01A	0.89	0.341	0.0625	4	3.89	3.9	0.128	0.213	0	0
TCGA.06.0876.01A	0.76	0.326	0.109	2	1.99	2	0.162	0.164	0.00746	0
TCGA.06.0877.01A	0.75	0.357	0.00521	2	2.12	2.09	0.242	0.115	0	0
TCGA.06.0878.01A	0.73	0.274	0.042	2	1.88	1.91	0.0864	0.188	0.0096	0
TCGA.06.0879.01A	0.77	0.135	0.0133	2	1.97	1.98	0.056	0.0794	0.00181	0
TCGA.06.0881.01A	0.09	0.0784	0.951	2	2.02	2	0.0421	0.0363	0.0497	0.021
TCGA.06.0882.01A	0.5	0.158	0.386	2	1.91	1.95	0.0228	0.135	0.0304	0.0152
TCGA.06.0939.01A	0.61	0.398	0.0631	2	1.93	1.96	0.127	0.27	0.00579	0
TCGA.06.1084.01A	0.43	0.422	0.359	2	1.94	1.97	0.172	0.25	0.0182	0.0109
TCGA.06.1086.01A	0.95	0.734	0.0887	4	3.31	3.34	0.0434	0.691	0	0
TCGA.06.1087.01A	0.92	0.355	0.28	4	3.71	3.73	0.045	0.31	0	0
TCGA.06.1800.01A	0.83	0.229	0.322	4	3.92	3.93	0.0795	0.149	0	0
TCGA.06.1801.01A	0.74	0.343	0.0173	2	1.91	1.93	0.111	0.232	0.00595	0
TCGA.06.1802.01A	0.72	0.288	0.0833	2	1.94	1.95	0.114	0.174	0.016	0
TCGA.06.1804.01A	0.91	0.295	0.194	2	1.92	1.92	0.0856	0.209	0.0317	0.0206
TCGA.06.1805.01A	0.7	0.421	0.0283	2	1.91	1.94	0.157	0.264	0.00994	0.00199
TCGA.06.1806.01A	0.17	0.57	0.331	2	2.18	2.03	0.197	0.372	0.0901	0.0187
TCGA.06.2557.01A	0.7	0.498	0.113	2	1.84	1.89	0.0994	0.399	0.0497	0
TCGA.06.2558.01A	0.92	0.214	0.262	2	1.88	1.89	0.0357	0.178	0.0548	0
TCGA.06.2559.01A	0.95	0.222	0.188	2	2	2	0.0966	0.125	0.0417	0
TCGA.06.2561.01A	0.6	0.442	0.0439	2	1.89	1.94	0.168	0.274	0	0
TCGA.06.2562.01A	0.74	0.436	0.115	2	1.98	1.98	0.197	0.239	0.0462	0.00201
TCGA.06.2563.01A	0.85	0.322	0.0645	2	2.02	2.02	0.189	0.133	0.0187	0
TCGA.06.2564.01A	0.72	0.568	0.0185	2	2.03	2.02	0.301	0.267	0.0105	0
TCGA.06.2565.01A	0.93	0.223	0.0684	2	1.96	1.96	0.0648	0.158	0.0114	0
TCGA.06.2566.01A	0.7	0.408	0.028	2	1.95	1.96	0.19	0.217	0.0114	0
TCGA.06.2567.01A	0.8	0.599	0.00261	2	1.91	1.93	0.25	0.349	0.00156	0
TCGA.06.2569.01A	0.96	0.737	0.185	4	4.19	4.18	0.369	0.367	0	0.0108
TCGA.06.2570.01A	0.87	0.166	0.0602	2	1.96	1.96	0.0401	0.126	0.00401	0.00601
TCGA.06.5408.01A	0.86	0.624	0.0363	2	1.89	1.91	0.272	0.352	0.00174	0
TCGA.06.5410.01A	0.13	0.275	0.657	2	1.9	1.99	0.0924	0.183	0.124	0.012
TCGA.06.5411.01A	0.64	0.273	0.253	2	1.92	1.95	0.0603	0.213	0.0124	0.039
TCGA.06.5412.01A	0.8	0.196	0	2	1.98	1.98	0.0339	0.162	0	0
TCGA.06.5413.01A	0.71	0.399	0.00402	2	1.92	1.94	0.189	0.21	0.0016	0
TCGA.06.5414.01A	0.7	0.378	0.00304	2	1.95	1.96	0.106	0.272	0	0
TCGA.06.5415.01A	0.77	0.381	0.0104	2	1.98	1.99	0.179	0.201	0.00197	0
TCGA.06.5416.01A	0.87	0.426	0.277	4	3.9	3.91	0.169	0.258	0	0
TCGA.06.5418.01A	0.83	0.242	0.202	2	1.97	1.97	0.0894	0.152	0.0488	0
TCGA.06.5856.01A	0.95	0.171	0.072	2	1.97	1.97	0.0492	0.122	0.0041	0.0041
TCGA.06.5858.01A	0.79	0.971	0.19	2	1.15	1.33	0.0569	0.914	0.184	0
TCGA.06.5859.01A	0.86	0.527	0.162	4	3.57	3.63	0.162	0.365	0	0
TCGA.06.6388.01A	0.77	0.221	0.0677	2	1.94	1.96	0.0448	0.176	0.0116	0.00332
TCGA.06.6389.01A	0.71	0.453	0.17	4	3.9	3.93	0.175	0.278	0	0
TCGA.06.6391.01A	0.45	0.497	0.0925	2	2.12	2.05	0.213	0.284	0	0.0085
TCGA.06.6693.01A	0.84	0.274	0.0893	2	1.81	1.84	0.013	0.261	0.00977	0.0147
TCGA.06.6694.01A	0.74	0.365	0.18	2	1.97	1.98	0.0943	0.27	0.0231	0.00178
TCGA.06.6695.01A	0.82	0.476	0.011	2	1.99	1.99	0.206	0.271	0.00349	0
TCGA.06.6697.01A	0.43	0.396	0.319	2	1.97	1.99	0.183	0.214	0.035	0.0272
TCGA.06.6698.01A	0.77	0.973	0.76	4	2.66	2.97	0.0859	0.887	0	0
TCGA.06.6699.01A	0.93	0.39	0.137	2	1.95	1.96	0.198	0.192	0.0535	0
TCGA.06.6700.01A	0.89	0.105	0	2	1.98	1.98	0.0204	0.0842	0	0
TCGA.06.6701.01A	0.76	0.341	0.0105	2	1.98	1.99	0.134	0.206	0.00358	0
TCGA.06.A5U0.01A	0.94	0.42	0.248	4	3.77	3.79	0.173	0.247	0	0
TCGA.06.A5U1.01A	0.62	0.431	0.0693	2	1.82	1.89	0.153	0.278	0.0299	0
TCGA.06.A6S0.01A	0.93	0.295	0.128	4	3.87	3.88	0.11	0.186	0	0
TCGA.06.A6S1.01A	0.59	0.456	0.131	2	1.74	1.85	0.0564	0.4	0.0564	0
TCGA.06.A7TK.01A	0.67	0.212	0.0781	2	1.89	1.93	0.0381	0.174	0.00663	0.00995
TCGA.06.A7TL.01A	0.81	0.273	0.212	2	1.94	1.95	0.0814	0.192	0.0524	0
TCGA.08.0244.01A	0.8	0.39	0.0539	2	1.95	1.96	0.17	0.22	0.00574	0.00956
TCGA.08.0245.01A	0.92	0.536	0.422	4	3.56	3.59	0.18	0.357	0	0
TCGA.08.0246.01A	0.78	0.372	0.00467	2	1.98	1.99	0.191	0.181	0	0
TCGA.08.0344.01A	0.96	0.347	0.011	2	1.99	1.99	0.195	0.153	0	0.00382
TCGA.08.0345.01A	0.59	0.348	0.0412	2	2.05	2.03	0.211	0.137	0	0
TCGA.08.0346.01A	0.48	0.419	0	2	1.98	1.99	0.127	0.292	0	0
TCGA.08.0347.01A	0.65	0.35	0.0769	2	1.92	1.94	0.0741	0.276	0.0168	0.00673
TCGA.08.0348.01A	0.75	0.37	0.0143	2	1.92	1.94	0.162	0.208	0.00352	0
TCGA.08.0349.01A	0.8	0.382	0.176	2	1.89	1.91	0.0812	0.301	0.0436	0.0238
TCGA.08.0350.01A	0.71	0.295	0.109	2	2.06	2.05	0.125	0.17	0	0.0107
TCGA.08.0351.01A	0.74	0.212	0.0301	2	1.96	1.97	0.0527	0.16	0	0.00639
TCGA.08.0352.01A	0.6	0.282	0.184	2	2.03	2.02	0.111	0.172	0	0
TCGA.08.0353.01A	0.83	0.348	0.0871	2	1.98	1.98	0.133	0.215	0.0159	0.00723
TCGA.08.0354.01A	0.78	0.333	0.188	2	1.97	1.98	0.113	0.22	0.00751	0.00375
TCGA.08.0355.01A	0.8	0.343	0.0488	2	1.92	1.93	0.0637	0.28	0.0168	0
TCGA.08.0356.01A	0.62	0.296	0.0446	2	1.97	1.98	0.0925	0.204	0.00189	0
TCGA.08.0359.01A	0.77	0.431	0.0321	2	1.89	1.91	0.137	0.294	0.0139	0
TCGA.08.0360.01A	0.24	0.191	0.2	2	1.94	1.99	0.0437	0.148	0.0182	0.00182
TCGA.08.0375.01A	0.8	0.363	0.0651	2	1.93	1.94	0.118	0.245	0.022	0
TCGA.08.0380.01A	0.17	0.246	0.217	2	2.25	2.04	0.176	0.0702	0.00763	0
TCGA.08.0386.01A	0.94	0.536	0.486	6	5.57	5.6	0.0945	0.441	0	0
TCGA.08.0389.01A	0.81	0.35	0.0673	2	1.95	1.96	0.136	0.214	0.0236	0
TCGA.08.0390.01A	0.51	0.226	0.0563	2	1.97	1.99	0.0779	0.148	0	0.00954
TCGA.08.0392.01A	0.72	0.277	0.0503	2	1.94	1.95	0.0785	0.199	0.0122	0
TCGA.12.0615.01A	0.85	0.368	0.212	2	1.88	1.9	0.0973	0.27	0.0428	0.0292
TCGA.12.0616.01A	0.9	0.327	0.196	4	3.81	3.82	0.0962	0.23	0	0
TCGA.12.0618.01A	0.44	0.131	0.571	2	2.12	2.05	0.0973	0.0341	0	0
TCGA.12.0619.01A	0.86	0.266	0.114	2	1.89	1.91	0.0433	0.223	0.0304	0
TCGA.12.0620.01A	0.69	0.278	0.143	2	1.92	1.94	0.101	0.177	0.0238	0.0159
TCGA.12.0653.01B	0.7	0.515	0.259	2	1.92	1.94	0.149	0.366	0.0747	0.0586
TCGA.12.0654.01B	0.7	0.222	0.237	2	1.93	1.95	0.0558	0.166	0	0
TCGA.12.0656.01A	0.64	0.411	0.201	2	1.94	1.96	0.154	0.257	0.00188	0.0788
TCGA.12.0657.01A	0.85	0.257	0.0216	2	1.98	1.99	0.104	0.154	0.0037	0
TCGA.12.0662.01A	0.69	0.335	0.0119	2	1.98	1.98	0.167	0.167	0.00199	0
TCGA.12.0670.01B	0.86	0.468	0.0433	2	1.94	1.95	0.164	0.304	0.0129	0.00737
TCGA.12.0688.01A	0.82	0.262	0.0458	2	2.01	2.01	0.154	0.108	0.012	0
TCGA.12.0691.01A	0.82	0.37	0.0822	2	1.84	1.87	0.0709	0.299	0.0169	0.0118
TCGA.12.0692.01A	0.83	0.57	0.0208	2	1.94	1.95	0.178	0.392	0.0102	0
TCGA.12.0703.01A	0.74	0.365	0.0529	2	1.99	1.99	0.125	0.239	0.00579	0.0135
TCGA.12.0707.01A	0.82	0.283	0.174	2	1.95	1.96	0.124	0.159	0.0432	0
TCGA.12.0769.01A	0.88	0.296	0.0368	2	2.02	2.01	0.158	0.138	0.0109	0
TCGA.12.0772.01A	0.73	0.377	0.0081	2	1.94	1.96	0.162	0.215	0	0
TCGA.12.0773.01A	0.84	0.227	0.421	2	2.14	2.12	0.154	0.0734	0	0.0307
TCGA.12.0775.01A	0.39	0.347	0.142	2	2.03	2.01	0.233	0.115	0	0
TCGA.12.0776.01A	0.4	0.492	0.127	2	1.83	1.93	0.173	0.319	0.0188	0
TCGA.12.0778.01A	0.64	0.359	0.128	2	1.96	1.98	0.127	0.232	0.0326	0.0096
TCGA.12.0780.01A	0.85	0.275	0.146	2	1.97	1.98	0.122	0.152	0.0361	0
TCGA.12.0818.01A	0.92	0.349	0.0621	2	2.06	2.05	0.179	0.17	0.0197	0
TCGA.12.0819.01A	0.79	0.399	0.0221	4	3.98	3.98	0.19	0.208	0	0
TCGA.12.0820.01A	0.88	0.244	0.0902	2	1.99	1.99	0.116	0.128	0.022	0
TCGA.12.0821.01A	0.92	0.241	0.343	2	1.86	1.87	0.0527	0.188	0.0826	0
TCGA.12.0822.01A	0.53	0.176	0.051	2	2.01	2.01	0.0735	0.102	0.00717	0
TCGA.12.0826.01A	0.78	0.383	0.153	4	4.18	4.14	0.231	0.152	0	0
TCGA.12.0827.01A	0.55	0.268	0.417	4	3.91	3.95	0.0515	0.216	0	0
TCGA.12.0828.01A	0.76	0.261	0.0148	2	1.99	2	0.12	0.141	0.00386	0
TCGA.12.0829.01A	0.22	0.0603	0.231	2	1.98	2	0.0124	0.0479	0.00464	0
TCGA.12.1090.01A	0.99	0.968	0.899	3	2.79	2.79	0.0913	0.876	0	0
TCGA.12.1091.01A	0.89	0.36	0.324	2	1.82	1.84	0.0896	0.271	0.117	0
TCGA.12.1092.01B	0.57	0.355	0.0172	2	1.96	1.98	0.161	0.194	0	0
TCGA.12.1093.01A	0.34	0.282	0.236	2	1.88	1.96	0.0783	0.204	0.0313	0.00978
TCGA.12.1094.01A	0.74	0.284	0.0935	2	1.97	1.98	0.143	0.141	0.0266	0
TCGA.12.1095.01A	0.61	0.259	0.115	2	1.92	1.95	0.0978	0.162	0.02	0.00998
TCGA.12.1096.01A	0.41	0.241	0.205	2	1.99	1.99	0.0947	0.146	0	0
TCGA.12.1097.01B	0.76	0.271	0.0929	2	1.89	1.92	0.0948	0.176	0.0232	0
TCGA.12.1098.01C	0.81	0.413	0.0299	2	2.06	2.05	0.228	0.185	0.00411	0.00411
TCGA.12.1099.01A	0.83	0.612	0.0545	2	2.12	2.1	0.341	0.271	0.00196	0.00392
TCGA.12.1598.01A	0.88	0.583	0.0214	2	1.93	1.94	0.192	0.392	0.00208	0
TCGA.12.1599.01A	0.73	0.19	0.0426	2	1.99	1.99	0.0887	0.101	0.00403	0
TCGA.12.1600.01A	0.91	0.376	0.114	2	1.95	1.96	0.155	0.221	0.0409	0
TCGA.12.1601.01A	0.71	0.176	0.191	2	2.05	2.03	0.0792	0.097	0.00396	0
TCGA.12.1602.01A	0.87	0.63	0.156	4	3.45	3.52	0.0628	0.567	0	0
TCGA.12.3644.01A	0.86	0.489	0.406	2	1.99	1.99	0.254	0.235	0.0757	0.00204
TCGA.12.3646.01A	0.97	0.278	0.196	2	1.95	1.95	0.0638	0.214	0.0507	0
TCGA.12.3648.01A	0.98	0.252	0.463	2	2.06	2.06	0.143	0.109	0.0246	0
TCGA.12.3649.01A	0.77	0.293	0.287	2	1.96	1.97	0.117	0.176	0.0123	0
TCGA.12.3650.01A	0.9	0.286	0.297	2	2.01	2.01	0.134	0.152	0.0217	0
TCGA.12.3651.01A	0.68	0.293	0.212	2	1.89	1.93	0.0786	0.214	0.0384	0
TCGA.12.3652.01A	0.96	0.273	0.288	4	3.84	3.85	0.104	0.17	0	0
TCGA.12.3653.01A	0.98	0.55	0.7	4	3.49	3.5	0.0719	0.478	0	0.0592
TCGA.12.5295.01A	0.74	0.274	0.161	2	1.84	1.88	0.0629	0.211	0.0442	0
TCGA.12.5301.01A	0.98	0.102	0.538	4	4.02	4.01	0.0535	0.0483	0	0.0104
TCGA.14.0740.01B	0.97	0.465	0.144	4	3.66	3.67	0.108	0.357	0	0.0203
TCGA.14.0781.01B	0.58	0.319	0.0161	2	2	2	0.164	0.155	0	0.00514
TCGA.14.0783.01B	0.9	0.447	0.198	4	3.92	3.93	0.171	0.276	0	0
TCGA.14.0786.01B	0.91	0.265	0.0882	2	1.98	1.98	0.123	0.142	0.0233	0
TCGA.14.0787.01A	0.85	0.289	0.129	2	1.91	1.92	0.112	0.177	0.0372	0
TCGA.14.0789.01A	0.55	0.415	0.0573	2	1.93	1.96	0.0731	0.342	0.0219	0
TCGA.14.0790.01B	0.95	0.262	0.106	2	2.01	2.01	0.128	0.135	0.0259	0
TCGA.14.0812.01B	0.65	0.177	0.0449	2	1.91	1.94	0.0358	0.141	0	0.00596
TCGA.14.0813.01A	0.81	0.333	0.11	2	1.94	1.95	0.0971	0.236	0.0175	0
TCGA.14.0817.01A	0.84	0.394	0.336	4	3.94	3.95	0.148	0.247	0	0
TCGA.14.0865.01B	0.95	0.554	0.268	4	3.58	3.6	0.0835	0.47	0	0
TCGA.14.0866.01B	0.76	0.262	0.00794	2	2.02	2.02	0.148	0.114	0.00208	0
TCGA.14.0867.01A	0.75	0.587	0.0691	2	2.01	2.01	0.295	0.292	0.0125	0.0109
TCGA.14.0871.01A	0.97	0.875	0.273	4	4.48	4.47	0.58	0.295	0	0.0202
TCGA.14.1034.01A	0.73	0.316	0.247	4	3.86	3.9	0.121	0.195	0	0
TCGA.14.1037.01A	0.2	0.112	0	2	1.72	1.94	0.00177	0.11	0	0
TCGA.14.1043.01B	0.5	0.243	0.528	2	2.02	2.01	0.117	0.126	0.0455	0.0375
TCGA.14.1395.01B	0.97	0.377	0.195	4	3.92	3.93	0.183	0.194	0	0.00794
TCGA.14.1396.01A	0.73	0.402	0.1	2	2.07	2.05	0.251	0.151	0.0161	0
TCGA.14.1401.01A	0.61	0.292	0.103	2	1.99	1.99	0.127	0.165	0.0242	0.00605
TCGA.14.1402.01A	0.79	0.222	0.0609	2	1.93	1.95	0.0774	0.145	0.0135	0
TCGA.14.1402.02A	0.86	0.48	0.0323	2	1.92	1.93	0.159	0.321	0.0155	0
TCGA.14.1450.01B	0.67	0.369	0.027	2	1.91	1.94	0.106	0.262	0.00831	0
TCGA.14.1451.01A	0.75	0.248	0.225	2	1.91	1.93	0.105	0.143	0.0062	0
TCGA.14.1452.01A	0.75	0.238	0.106	2	2.01	2.01	0.0986	0.139	0.0232	0
TCGA.14.1453.01A	0.94	0.533	0.313	4	3.57	3.6	0.144	0.389	0	0
TCGA.14.1454.01A	0.79	0.893	0.274	4	3.32	3.46	0.122	0.771	0	0
TCGA.14.1455.01A	0.89	0.271	0.117	2	1.95	1.96	0.117	0.154	0.0316	0
TCGA.14.1456.01B	0.8	0.336	0.0241	2	2.03	2.03	0.178	0.158	0.00405	0.00405
TCGA.14.1458.01A	0.26	0.307	0.128	2	2.02	2	0.131	0.176	0.029	0
TCGA.14.1459.01A	0.92	0.267	0.089	2	1.96	1.96	0.0897	0.178	0.022	0
TCGA.14.1794.01A	0.75	0.149	0	2	1.97	1.98	0.0219	0.128	0	0
TCGA.14.1795.01A	0.68	0.384	0.0765	2	1.99	1.99	0.151	0.233	0.0126	0.0147
TCGA.14.1821.01A	0.95	0.179	0.0225	2	1.95	1.95	0.0665	0.113	0.00202	0.00202
TCGA.14.1823.01A	0.53	0.303	0.378	2	2.21	2.11	0.188	0.115	0	0.00194
TCGA.14.1825.01A	0.91	0.218	0.356	2	2.06	2.06	0.123	0.0949	0.00292	0.00438
TCGA.14.1827.01A	0.84	0.176	0.453	4	4.05	4.04	0.0961	0.0798	0	0
TCGA.14.1829.01A	0.72	0.25	0.0221	2	1.98	1.99	0.119	0.13	0.0055	0
TCGA.14.2554.01A	0.82	0.365	0.0824	2	2.04	2.03	0.206	0.158	0.0301	0
TCGA.14.2555.01B	0.61	0.325	0.0133	2	2.17	2.1	0.206	0.119	0	0
TCGA.14.3477.01A	0.95	0.634	0.219	6	5.36	5.39	0.169	0.465	0	0
TCGA.14.4157.01A	0.87	0.513	0.0286	2	1.99	1.99	0.249	0.264	0.011	0
TCGA.15.0742.01A	0.95	0.33	0.317	2	1.91	1.92	0.125	0.205	0.103	0
TCGA.15.1444.01A	0.55	0.284	0.0839	2	1.9	1.94	0.101	0.183	0.0199	0.00398
TCGA.15.1446.01A	0.62	0.53	0.0142	2	1.9	1.94	0.0811	0.449	0.00755	0
TCGA.15.1447.01A	0.84	0.726	0.228	2	2.32	2.27	0.489	0.236	0	0.0537
TCGA.15.1449.01A	0.72	0.577	0.0822	2	2.11	2.08	0.268	0.309	0.0133	0
TCGA.16.0846.01A	0.8	0.504	0.184	4	3.96	3.97	0.199	0.305	0	0
TCGA.16.0848.01A	0.8	0.399	0.0872	2	2.02	2.01	0.238	0.161	0.011	0
TCGA.16.0849.01A	0.87	0.286	0.0544	2	1.99	1.99	0.163	0.123	0.0156	0
TCGA.16.0850.01A	0.99	0.501	0.381	4	3.69	3.7	0.141	0.36	0	0.00434
TCGA.16.0861.01A	0.83	0.238	0.0244	2	1.88	1.9	0.0619	0.176	0	0
TCGA.16.1045.01B	0.63	0.335	0.512	4	3.65	3.78	0.0778	0.257	0	0
TCGA.16.1047.01B	0.86	0.562	0.0925	2	1.91	1.93	0.27	0.292	0.052	0
TCGA.16.1048.01B	0.65	0.269	0.174	2	2	2	0.138	0.13	0.00611	0
TCGA.16.1055.01B	0.68	0.208	0.107	2	2	2	0.0907	0.117	0.0202	0
TCGA.16.1056.01B	0.74	0.269	0.0149	2	1.89	1.92	0.0863	0.183	0	0.00402
TCGA.16.1060.01A	0.67	0.258	0.064	2	1.89	1.93	0.0619	0.196	0.00619	0.0103
TCGA.16.1062.01A	0.87	0.488	0.085	2	1.98	1.99	0.245	0.243	0.0415	0
TCGA.16.1063.01B	0.83	0.284	0.155	2	1.91	1.93	0.0958	0.188	0.0441	0
TCGA.16.1460.01A	0.69	0.355	0.0682	2	2.03	2.02	0.204	0.151	0	0.0121
TCGA.19.0955.01A	0.47	0.373	0.17	2	2.05	2.02	0.179	0.194	0.0218	0
TCGA.19.0957.01C	0.74	0.426	0.151	2	2.04	2.03	0.239	0.187	0.0104	0
TCGA.19.0957.02A	0.5	0.32	0.156	2	1.99	2	0.181	0.139	0.00624	0
TCGA.19.0960.01A	0.94	0.225	0.404	2	1.94	1.95	0.0652	0.16	0.0889	0
TCGA.19.0962.01B	0.75	0.277	0.161	2	1.92	1.94	0.0848	0.192	0.0444	0
TCGA.19.0963.01B	0.66	0.349	0.0172	2	1.95	1.97	0.169	0.181	0.00602	0
TCGA.19.0964.01A	0.97	0.105	0.263	2	1.93	1.93	0.0185	0.0869	0.0277	0
TCGA.19.1392.01A	0.99	0.415	0.0711	4	3.85	3.85	0.0989	0.316	0	0.00842
TCGA.19.1786.01A	0.88	0.3	0.0929	2	2.03	2.03	0.193	0.107	0.0278	0
TCGA.19.1787.01B	0.85	0.924	0.609	4	2.53	2.75	0.0226	0.901	0	0
TCGA.19.1789.01A	0.91	0.313	0.179	2	1.97	1.98	0.161	0.151	0.0559	0
TCGA.19.1790.01B	0.64	0.506	0	2	1.9	1.94	0.084	0.422	0	0
TCGA.19.1791.01A	0.94	0.426	0.207	2	2	2	0.234	0.192	0.082	0.002
TCGA.19.2620.01A	0.71	0.253	0.374	2	1.93	1.95	0.0945	0.158	0.0418	0.0455
TCGA.19.2623.01A	0.72	0.525	0.0875	2	1.85	1.89	0.172	0.353	0.0439	0
TCGA.19.2624.01A	0.96	0.339	0.176	2	2	2	0.155	0.183	0.0339	0
TCGA.19.2625.01A	0.65	0.387	0.171	2	1.89	1.93	0.122	0.265	0.0179	0.0108
TCGA.19.2629.01A	0.78	0.455	0.294	4	3.53	3.63	0.0445	0.41	0	0
TCGA.19.2631.01A	0.82	0.437	0.023	2	1.98	1.99	0.239	0.197	0.00402	0
TCGA.19.4065.01A	0.55	0.275	0.132	2	2.03	2.02	0.139	0.136	0	0
TCGA.19.4065.02A	0.53	0.601	0.0829	2	2	2	0.195	0.406	0	0.0257
TCGA.19.5947.01A	0.23	0.247	0.0279	2	1.39	1.86	0.00828	0.239	0	0
TCGA.19.5950.01A	0.93	0.29	0.321	4	4.01	4.01	0.146	0.144	0	0
TCGA.19.5952.01A	0.61	0.529	0.00324	2	1.89	1.93	0.18	0.349	0	0
TCGA.19.5953.01B	0.5	0.194	0.192	2	1.96	1.98	0.0804	0.114	0.00748	0
TCGA.19.5954.01A	0.87	0.292	0.0599	2	1.98	1.99	0.124	0.168	0.0175	0
TCGA.19.5955.01A	0.31	0.432	0.178	2	1.99	2	0.283	0.149	0.0242	0
TCGA.19.5956.01A	0.69	0.26	0	2	1.98	1.99	0.112	0.148	0	0
TCGA.19.5958.01A	0.75	0.381	0.051	2	1.98	1.99	0.161	0.22	0.0175	0.00195
TCGA.19.5959.01A	0.96	0.387	0.033	2	1.98	1.98	0.181	0.206	0.0128	0
TCGA.19.5960.01A	0.93	0.209	0.0352	2	2.03	2.03	0.106	0.103	0	0.00737
TCGA.19.A60I.01A	0.93	0.416	0.191	2	1.94	1.95	0.187	0.23	0.0794	0
TCGA.19.A6J4.01A	0.44	0.525	0.435	4	3.8	3.91	0.14	0.385	0	0
TCGA.19.A6J5.01A	0.92	0.398	0.119	4	3.98	3.98	0.182	0.215	0	0
TCGA.26.1438.01A	0.22	0.082	0.489	2	2.07	2.02	0.0332	0.0489	0.00873	0
TCGA.26.1440.01A	0.79	0.191	0.173	2	1.95	1.96	0.0661	0.125	0.0294	0
TCGA.26.1442.01A	0.81	0.4	0.0182	2	1.97	1.97	0.167	0.233	0.00727	0
TCGA.26.1443.01A	0.93	0.31	0.266	2	2	2	0.118	0.193	0.0373	0
TCGA.26.1799.01A	0.87	0.135	0.0563	2	2.03	2.02	0.0759	0.0588	0.00759	0
TCGA.26.5133.01A	0.88	0.288	0.00676	2	1.76	1.79	0.0233	0.265	0	0
TCGA.26.5134.01A	0.93	0.287	0.137	2	1.92	1.92	0.113	0.174	0.0392	0
TCGA.26.5135.01A	0.85	0.27	0.129	2	1.98	1.99	0.123	0.146	0.0347	0
TCGA.26.5136.01B	0.79	0.465	0.0568	2	1.91	1.93	0.189	0.276	0.00203	0.0223
TCGA.26.5139.01A	0.81	0.321	0.0655	2	1.98	1.98	0.147	0.174	0.021	0
TCGA.26.6173.01A	0.54	0.345	0.112	2	1.88	1.93	0.0498	0.295	0.0387	0
TCGA.26.6174.01A	0.48	0.566	0.0203	2	1.97	1.99	0.202	0.365	0.00576	0
TCGA.26.A7UX.01B	0.97	0.123	0.0149	2	2.02	2.02	0.0659	0.0568	0.00183	0
TCGA.27.1830.01A	0.68	0.199	0.0631	2	1.9	1.93	0.0269	0.172	0.0125	0
TCGA.27.1831.01A	0.69	0.351	0.144	2	2.03	2.02	0.157	0.194	0.00388	0
TCGA.27.1832.01A	0.58	0.46	0.0317	2	1.88	1.93	0.142	0.319	0.00417	0
TCGA.27.1833.01A	0.94	0.29	0.312	2	1.98	1.98	0.129	0.16	0.0903	0
TCGA.27.1834.01A	0.75	0.316	0.257	2	1.91	1.93	0.104	0.213	0	0.0795
TCGA.27.1835.01A	0.9	0.235	0.52	4	3.92	3.93	0.0986	0.137	0	0
TCGA.27.1836.01A	0.7	0.317	0.0637	2	1.93	1.95	0.121	0.196	0.0202	0
TCGA.27.1837.01A	0.86	0.182	0.206	2	1.96	1.97	0.0698	0.113	0.0376	0
TCGA.27.1838.01A	0.86	0.413	0.135	2	2.09	2.08	0.208	0.206	0.00181	0.00181
TCGA.27.2518.01A	0.44	0.111	0.318	2	1.97	1.98	0.0405	0.0708	0	0
TCGA.27.2521.01A	0.96	0.376	0.124	4	3.85	3.85	0.0955	0.281	0	0
TCGA.27.2523.01A	0.93	0.253	0.0294	2	2	2	0.138	0.115	0.00372	0.00372
TCGA.27.2524.01A	0.75	0.314	0	2	1.81	1.86	0.0733	0.241	0	0
TCGA.27.2526.01A	0.84	0.424	0.136	2	2.07	2.06	0.229	0.195	0.00199	0
TCGA.27.2527.01A	0.31	0.21	0.0841	2	2.01	2	0.114	0.0961	0	0
TCGA.27.2528.01A	0.78	0.187	0.0561	2	1.98	1.99	0.0699	0.117	0.00524	0
TCGA.28.1746.01A	0.85	0.259	0.41	2	2.07	2.06	0.142	0.117	0.00541	0
TCGA.28.1747.01C	0.84	0.115	0.187	2	1.95	1.96	0.0292	0.0862	0.0215	0
TCGA.28.1749.01A	0.91	0.291	0.165	2	2.01	2.01	0.157	0.134	0.0481	0
TCGA.28.1750.01A	0.65	0.329	0.16	2	1.91	1.94	0.0838	0.246	0	0
TCGA.28.1751.01A	0.37	0.256	0.379	2	2.06	2.02	0.161	0.0948	0.0124	0
TCGA.28.1752.01A	0.52	0.316	0.353	2	1.9	1.95	0.083	0.233	0.0121	0.0486
TCGA.28.1753.01A	0.59	0.301	0.0671	2	1.99	1.99	0.149	0.153	0.00919	0.00184
TCGA.28.1755.01A	0.91	0.148	0.115	2	1.97	1.97	0.0526	0.0958	0.0139	0.00309
TCGA.28.1756.01C	0.81	0.181	0.34	4	3.8	3.83	0.0405	0.141	0	0
TCGA.28.1757.01A	0.79	0.157	0.416	2	1.98	1.98	0.0529	0.104	0.0171	0
TCGA.28.2501.01A	0.19	0.229	0.283	2	1.97	1.99	0.101	0.128	0.0377	0.00151
TCGA.28.2502.01B	0.2	0.205	0.19	2	1.87	1.97	0.057	0.148	0.0228	0.00163
TCGA.28.2506.01A	0.67	0.585	0.303	4	3.46	3.64	0.0754	0.509	0	0
TCGA.28.2509.01A	0.9	0.787	0.256	6	5.59	5.63	0.261	0.526	0	0
TCGA.28.2510.01A	0.25	0.334	0.337	2	2.08	2.02	0.195	0.139	0.0141	0
TCGA.28.2513.01A	0.27	0.236	0.271	2	2.04	2.01	0.134	0.102	0.00599	0.00599
TCGA.28.2514.01A	0.87	0.326	0.141	2	1.84	1.86	0.046	0.28	0.046	0
TCGA.28.5204.01A	0.93	0.322	0.397	2	1.91	1.91	0.101	0.22	0.0734	0
TCGA.28.5207.01A	0.77	0.339	0.118	2	1.97	1.98	0.139	0.199	0.0398	0
TCGA.28.5208.01A	0.89	0.324	0.185	2	1.96	1.96	0.14	0.184	0.0506	0
TCGA.28.5209.01A	0.8	0.817	0.0556	2	1.94	1.95	0.392	0.425	0.0272	0
TCGA.28.5211.01C	0.22	0.607	0.146	2	2.13	2.03	0.443	0.163	0.025	0
TCGA.28.5213.01A	0.48	0.189	0.699	4	3.78	3.9	0.0403	0.148	0	0
TCGA.28.5214.01A	0.71	0.407	0.0197	2	2.03	2.02	0.238	0.168	0.002	0
TCGA.28.5215.01A	0.78	0.545	0.0183	2	1.9	1.93	0.192	0.353	0.00998	0
TCGA.28.5216.01A	0.94	0.311	0.397	4	3.86	3.87	0.0806	0.23	0	0.00329
TCGA.28.5218.01A	0.57	0.932	0.0374	2	2.6	2.34	0.458	0.474	0	0.0226
TCGA.28.5219.01A	0.73	0.547	0.0846	2	2.04	2.03	0.29	0.258	0.00402	0.0101
TCGA.28.5220.01A	0.88	0.421	0.355	2	1.81	1.84	0.128	0.293	0.149	0
TCGA.28.6450.01A	0.79	0.326	0.0357	2	2	2	0.147	0.178	0.00775	0
TCGA.32.1970.01A	0.88	0.387	0.23	2	1.98	1.98	0.132	0.256	0.0426	0.00609
TCGA.32.1976.01A	0.89	0.439	0.0664	2	1.99	1.99	0.184	0.254	0.0291	0
TCGA.32.1979.01A	0.8	0.68	0.0023	2	1.95	1.96	0.192	0.488	0.00156	0
TCGA.32.1980.01A	0.14	0.4	0.604	2	1.88	1.98	0.141	0.259	0.118	0.0714
TCGA.32.1982.01A	0.52	0.37	0.139	2	2	2	0.204	0.167	0.0165	0
TCGA.32.1986.01A	0.54	0.372	0.143	2	2.06	2.03	0.188	0.184	0.0019	0
TCGA.32.2491.01A	0.52	0.461	0.156	2	1.92	1.96	0.185	0.276	0.00617	0.00206
TCGA.32.2494.01A	0.18	0.139	0.0833	2	1.63	1.93	0.0132	0.125	0	0
TCGA.32.2495.01A	0.85	0.48	0.0913	2	2.09	2.07	0.265	0.215	0.0313	0.0125
TCGA.32.2498.01A	0.7	0.649	0.215	2	1.47	1.63	0.0387	0.61	0.0756	0.0504
TCGA.32.2615.01A	0.86	0.522	0.111	2	1.84	1.87	0.161	0.361	0.0557	0.00206
TCGA.32.2616.01A	0.8	0.497	0.216	2	2.04	2.03	0.198	0.299	0.00739	0.0407
TCGA.32.2632.01A	0.79	0.549	0.112	2	1.99	1.99	0.147	0.402	0.00594	0
TCGA.32.2634.01A	0.9	0.423	0.37	2	1.83	1.85	0.102	0.321	0.0942	0.0381
TCGA.32.2638.01A	0.84	0.326	0.182	2	1.99	2	0.176	0.15	0.0184	0
TCGA.32.4208.01A	0.96	0.284	0.188	4	3.85	3.86	0.0671	0.217	0	0
TCGA.32.4211.01A	0.61	0.348	0.159	2	1.99	1.99	0.125	0.223	0	0
TCGA.32.4213.01A	0.69	0.292	0.274	2	1.87	1.91	0.058	0.234	0.028	0.052
TCGA.32.4719.01A	0.84	0.405	0.0145	4	3.68	3.73	0.0509	0.354	0	0
TCGA.32.5222.01A	0.7	0.65	0.0336	2	2.11	2.08	0.268	0.382	0	0
TCGA.41.2571.01A	0.75	0.556	0.265	2	2.02	2.01	0.287	0.269	0.0349	0.0484
TCGA.41.2572.01A	0.85	0.328	0.0893	2	1.93	1.94	0.143	0.186	0.0293	0
TCGA.41.2573.01A	0.76	0.666	0.353	4	3.87	3.9	0.208	0.458	0	0
TCGA.41.3392.01A	0.86	0.352	0.168	2	1.88	1.9	0.0794	0.273	0.0509	0
TCGA.41.3393.01A	0.7	0.314	0.125	2	1.96	1.97	0.118	0.196	0.0373	0
TCGA.41.3915.01A	0.81	0.715	0.271	6	5.15	5.31	0.0396	0.675	0	0
TCGA.41.5651.01A	0.96	0.426	0.069	2	2.05	2.04	0.213	0.213	0.0257	0
TCGA.41.6646.01A	0.69	0.227	0.132	2	1.93	1.95	0.0551	0.172	0.0184	0.0117
TCGA.4W.AA9R.01A	0.87	0.591	0.207	4	3.56	3.61	0.139	0.452	0	0
TCGA.4W.AA9S.01A	0.88	0.26	0.343	4	3.83	3.85	0.0829	0.177	0	0
TCGA.4W.AA9T.01A	0.51	0.349	0.0952	2	1.95	1.97	0.155	0.194	0.0221	0
TCGA.74.6573.01A	0.69	0.25	0.133	2	1.91	1.94	0.0741	0.175	0	0
TCGA.74.6575.01A	0.73	0.219	0.0134	2	1.89	1.92	0.0236	0.196	0	0.00147
TCGA.74.6577.01A	0.59	0.64	0.0912	2	2.02	2.01	0.213	0.427	0.0103	0.00858
TCGA.74.6578.01A	0.7	0.248	0.0515	2	1.97	1.98	0.0839	0.164	0.00182	0.0109
TCGA.74.6581.01A	0.94	0.246	0.413	4	3.96	3.96	0.123	0.123	0	0
TCGA.74.6584.01A	0.66	0.431	0.0578	2	1.98	1.99	0.159	0.272	0.0115	0
TCGA.76.4925.01A	0.92	0.594	0.0157	2	1.89	1.89	0.274	0.32	0.00931	0
TCGA.76.4926.01B	0.84	0.308	0.0952	2	1.97	1.97	0.119	0.189	0.0275	0
TCGA.76.4931.01A	0.21	0.12	0.573	2	2.17	2.03	0.0599	0.0599	0.0161	0
TCGA.76.4934.01A	0.89	0.507	0.248	4	3.8	3.82	0.246	0.261	0	0
TCGA.76.4935.01A	0.93	0.346	0.178	2	1.9	1.91	0.137	0.209	0.0616	0
TCGA.76.6191.01A	0.85	0.225	0	2	1.92	1.93	0.0897	0.136	0	0
TCGA.76.6192.01A	0.49	0.45	0.0802	2	1.95	1.97	0.157	0.292	0.0342	0
TCGA.76.6193.01A	0.27	0.364	0.0355	2	2.17	2.05	0.338	0.0259	0.00739	0
TCGA.76.6280.01A	0.86	0.264	0.148	2	1.94	1.95	0.0639	0.2	0.00726	0.0319
TCGA.76.6282.01A	0.58	0.363	0.0707	2	1.86	1.92	0.0917	0.272	0.0183	0
TCGA.76.6283.01A	0.88	0.496	0.0249	2	1.91	1.92	0.139	0.357	0	0.0124
TCGA.76.6285.01A	0.92	0.496	0.255	2	1.79	1.81	0.147	0.35	0.118	0
TCGA.76.6286.01A	0.95	0.25	0.319	2	1.85	1.86	0.0631	0.187	0.0798	0
TCGA.76.6656.01A	0.91	0.136	0.518	4	4.01	4.01	0.0817	0.0545	0	0
TCGA.76.6660.01A	0.88	0.372	0.285	4	3.96	3.96	0.175	0.197	0	0.00186
TCGA.76.6661.01B	0.84	0.223	0.0538	2	2	2	0.106	0.116	0.012	0
TCGA.76.6662.01A	0.56	0.388	0.0968	2	2.02	2.01	0.175	0.212	0.00179	0
TCGA.76.6663.01A	0.18	0.144	0.208	2	1.86	1.97	0.0361	0.108	0.012	0.00602
TCGA.76.6664.01A	0.69	0.19	0.117	2	1.99	1.99	0.0867	0.103	0.0111	0.00554
TCGA.81.5910.01A	0.99	0.25	0.341	4	4.02	4.02	0.119	0.132	0	0.00119
TCGA.81.5911.01A	0.78	0.235	0.16	2	1.97	1.97	0.109	0.126	0.0357	0
TCGA.87.5896.01A	0.93	0.353	0.0842	2	1.97	1.97	0.173	0.18	0.0297	0
TCGA.OX.A56R.01A	0.98	0.258	0.685	4	3.74	3.75	0.0656	0.193	0	0.0685
TCGA.RR.A6KA.01A	0.57	0.315	0.0894	2	1.96	1.98	0.0598	0.255	0.0211	0
TCGA.RR.A6KB.01A	0.96	0.129	0	2	2.02	2.02	0.117	0.0122	0	0
TCGA.RR.A6KC.01A	0.75	0.497	0.0777	2	1.91	1.93	0.0319	0.465	0.0369	0
