sampleid	purity	PC	PoP	Euploidy	pl.tumor	pl.overall	%amp	%del	%del.loh	%cn.loh
TCGA.3M.AB46.01A	0.72	0.624	0.338	2	1.64	1.74	0.116	0.508	0.179	0.0322
TCGA.3M.AB47.01A	0.39	0.185	0.336	2	2.08	2.03	0.0971	0.0884	0	0.00867
TCGA.B7.5816.01A	0.75	0.0666	0.5	2	2.05	2.03	0.0413	0.0253	0	0.00133
TCGA.B7.5818.01A	0.76	0.306	0.318	2	2.07	2.06	0.132	0.174	0.0104	0.059
TCGA.B7.A5TI.01A	0.63	0.292	0.0488	2	1.84	1.9	0.0328	0.26	0.00428	0.00999
TCGA.B7.A5TJ.01A	0.77	0.451	0.349	2	2.16	2.13	0.243	0.209	0	0.126
TCGA.B7.A5TK.01A	0.48	0.26	0	2	2	2	0.074	0.186	0	0
TCGA.B7.A5TN.01A	0.62	0.549	0.0654	2	1.81	1.88	0.124	0.425	0.00718	0.0144
TCGA.BR.4183.01A	0.36	0.555	0.433	4	4.19	4.07	0.274	0.281	0	0.00185
TCGA.BR.4186.01A	0.42	0.406	0.525	4	3.98	3.99	0.133	0.273	0	0
TCGA.BR.4187.01A	0.99	0.207	0	2	2	2	0.0525	0.154	0	0
TCGA.BR.4188.01A	0.34	0.114	0.869	2	2.01	2	0.0542	0.0598	0.00561	0.0804
TCGA.BR.4190.01A	0.14	0.182	0.454	2	1.94	1.99	0.0387	0.143	0.0471	0.0202
TCGA.BR.4191.01A	0.51	0.564	0.559	2	2.02	2.01	0.264	0.3	0.124	0.0765
TCGA.BR.4195.01A	0.45	0.759	0.7	4	3.73	3.88	0.199	0.559	0.00201	0
TCGA.BR.4196.01A	0.42	0.311	0.208	2	2.18	2.07	0.231	0.0804	0	0.00524
TCGA.BR.4197.01A	0.61	0.798	0.17	2	1.98	1.99	0.278	0.52	0	0.103
TCGA.BR.4199.01A	0.72	0.0396	0.0357	2	2	2	0.00849	0.0311	0	0
TCGA.BR.4200.01A	0.5	0.402	0.174	2	2.11	2.06	0.226	0.176	0	0
TCGA.BR.4201.01A	0.35	0.269	0.664	2	2.01	2	0.0678	0.202	0	0.158
TCGA.BR.4205.01A	0.71	0.466	0.0614	2	2.05	2.03	0.135	0.332	0	0.0152
TCGA.BR.4253.01A	0.4	0.331	0.178	2	2	2	0.146	0.185	0.00203	0.0426
TCGA.BR.4255.01A	0.24	0.473	0.317	2	2.17	2.04	0.323	0.15	0.0247	0.0475
TCGA.BR.4256.01A	0.16	0.385	0.363	2	1.88	1.98	0.147	0.238	0.066	0.00566
TCGA.BR.4257.01A	0.62	0.367	0.249	2	2.16	2.1	0.234	0.133	0	0.0658
TCGA.BR.4259.01A	0.74	0.819	0.648	4	2.85	3.15	0.0493	0.769	0	0
TCGA.BR.4260.01A	0.51	0.509	0.229	2	2.1	2.05	0.178	0.331	0.00185	0.0352
TCGA.BR.4261.01A	0.69	0.151	0.0404	2	1.99	2	0.0457	0.105	0	0.00609
TCGA.BR.4263.01A	0.14	0.511	0.668	2	2.23	2.03	0.246	0.265	0.146	0.0429
TCGA.BR.4264.01A	0.37	0.725	0.322	2	2.13	2.05	0.369	0.357	0.0143	0.127
TCGA.BR.4265.01A	0.74	0.507	0.216	2	2.04	2.03	0.244	0.264	0.00995	0.068
TCGA.BR.4266.01A	0.51	0.668	0.26	2	2.17	2.08	0.27	0.398	0.0151	0.0792
TCGA.BR.4267.01A	0.71	0.474	0.0744	2	1.94	1.96	0.204	0.27	0.00587	0.0235
TCGA.BR.4270.01A	0.19	0.0954	0.365	2	2	2	0.0367	0.0587	0.0183	0.0055
TCGA.BR.4271.01A	0.16	0.323	0.469	2	1.97	1.99	0.142	0.181	0.048	0.0277
TCGA.BR.4272.01A	0.44	0.443	0.256	2	2.17	2.07	0.319	0.123	0	0.0625
TCGA.BR.4273.01A	0.6	0.629	0.208	2	2.12	2.07	0.26	0.369	0.0085	0.0629
TCGA.BR.4274.01A	0.39	0.581	0.25	2	2.34	2.13	0.301	0.28	0	0.0269
TCGA.BR.4276.01A	0.9	0.917	0.182	2	2.69	2.62	0.537	0.381	0.0244	0.06
TCGA.BR.4277.01A	0.53	0.555	0.354	4	3.93	3.96	0.222	0.333	0	0
TCGA.BR.4278.01A	0.4	0.363	0.341	2	2.32	2.13	0.284	0.079	0	0.0292
TCGA.BR.4279.01A	0.19	0.267	0.266	2	1.92	1.98	0.14	0.127	0.0451	0.0052
TCGA.BR.4280.01A	0.74	0.451	0.101	2	2.06	2.04	0.229	0.223	0	0
TCGA.BR.4281.01A	0.49	0.402	0.21	2	2.23	2.11	0.323	0.0794	0	0.0242
TCGA.BR.4282.01A	0.68	0.44	0.245	2	2.24	2.16	0.273	0.167	0	0.0427
TCGA.BR.4283.01A	0.43	0.703	0.461	4	3.71	3.87	0.2	0.503	0	0
TCGA.BR.4284.01A	0.34	0.599	0.656	4	4.15	4.05	0.287	0.312	0	0.0454
TCGA.BR.4285.01A	0.32	0.755	0.247	2	2.8	2.26	0.447	0.308	0.00193	0.00193
TCGA.BR.4286.01A	0.27	0.401	0.302	2	2.15	2.04	0.243	0.159	0.00587	0
TCGA.BR.4288.01A	0.6	0.735	0.0781	2	1.84	1.9	0.161	0.574	0.00185	0.0407
TCGA.BR.4291.01A	0.16	0.22	0.434	2	2	2	0.0728	0.147	0.0334	0.044
TCGA.BR.4292.01A	0.71	0.478	0.147	2	2.08	2.06	0.152	0.326	0.00175	0.014
TCGA.BR.4294.01A	0.96	0.529	0.154	4	3.35	3.38	0.0775	0.451	0	0.00398
TCGA.BR.4298.01A	0.67	0.425	0.0135	2	2.04	2.03	0.199	0.226	0	0
TCGA.BR.4357.01A	0.44	0.608	0.235	2	2.25	2.11	0.343	0.265	0.00204	0.0776
TCGA.BR.4361.01A	0.63	0.0482	0.04	2	2.02	2.02	0.0385	0.00963	0	0
TCGA.BR.4362.01A	0.59	0.252	0.00775	2	2.1	2.06	0.15	0.102	0	0.00195
TCGA.BR.4363.01A	0.63	0.139	0.0986	2	2.01	2.01	0.0705	0.0685	0.00978	0.00196
TCGA.BR.4366.01A	0.81	0.575	0.151	2	1.83	1.87	0.0792	0.495	0.014	0.0248
TCGA.BR.4367.01A	0.52	0.549	0.371	2	1.94	1.97	0.2	0.349	0.014	0.17
TCGA.BR.4368.01A	0.99	0.237	0	2	2.05	2.05	0.181	0.0552	0	0
TCGA.BR.4369.01A	0.57	0.665	0.532	4	4.07	4.04	0.323	0.342	0	0
TCGA.BR.4370.01A	0.37	0.216	0.321	2	2.06	2.02	0.112	0.104	0	0.0265
TCGA.BR.4371.01A	0.7	0.123	0.775	2	2.15	2.1	0.109	0.0138	0	0
TCGA.BR.4375.01A	0.42	0.373	0.133	2	2.07	2.03	0.204	0.169	0	0.0294
TCGA.BR.4376.01A	0.28	0.129	0.631	2	2.03	2.01	0.0696	0.0596	0	0.0696
TCGA.BR.6452.01A	0.54	0.475	0.0625	2	2.12	2.06	0.273	0.202	0	0
TCGA.BR.6454.01A	0.38	0.712	0.172	2	2.2	2.08	0.331	0.382	0	0.0531
TCGA.BR.6455.01A	0.74	0.251	0.0599	2	2.01	2	0.042	0.209	0	0.015
TCGA.BR.6456.01A	0.23	0.355	0.472	2	2.21	2.05	0.152	0.203	0.0856	0
TCGA.BR.6457.01A	0.17	0.306	0.481	2	2.03	2	0.104	0.202	0.0377	0.0472
TCGA.BR.6458.01A	0.63	0.241	0.429	2	2.26	2.17	0.207	0.034	0.00309	0.0139
TCGA.BR.6563.01A	0.99	0.336	0	2	2	2	0.147	0.189	0	0
TCGA.BR.6564.01A	0.19	0.203	0.62	2	1.9	1.98	0.0394	0.163	0.109	0.0075
TCGA.BR.6565.01A	0.69	0.117	0.404	2	2.09	2.06	0.0844	0.033	0	0.0106
TCGA.BR.6566.01A	0.5	0.444	0.0037	2	2.04	2.02	0.178	0.266	0	0
TCGA.BR.6705.01A	0.13	0.287	0.687	2	2.14	2.02	0.13	0.157	0.117	0.0421
TCGA.BR.6706.01A	0.85	0.313	0	2	2.01	2.01	0.175	0.137	0	0
TCGA.BR.6707.01A	0.52	0.257	0.361	2	2.1	2.05	0.0964	0.161	0	0.0375
TCGA.BR.6709.01A	0.24	0.387	0.198	2	2.08	2.02	0.194	0.193	0.0262	0.0112
TCGA.BR.6710.01A	0.1	0.0311	1	2	2	2	0.00984	0.0213	0.0148	0.0082
TCGA.BR.6801.01A	0.67	0.902	0.0726	2	1.18	1.45	0.0364	0.865	0.0127	0.0527
TCGA.BR.6802.01A	0.25	0.246	0.385	2	2.06	2.01	0.122	0.124	0.0273	0
TCGA.BR.6803.01A	0.15	0.422	0.528	2	1.94	1.99	0.23	0.192	0.103	0.0326
TCGA.BR.6852.01A	0.94	0.00308	0.5	2	2	2	0.00308	0	0	0.00154
TCGA.BR.7196.01A	0.12	0.3	0.694	2	1.95	1.99	0.0994	0.201	0.124	0.0469
TCGA.BR.7197.01A	0.76	0.524	0.299	2	2.08	2.06	0.26	0.264	0	0.0821
TCGA.BR.7703.01A	0.63	0.124	0.0299	2	1.97	1.98	0.0111	0.113	0.00369	0
TCGA.BR.7704.01A	0.7	0.629	0.076	2	1.77	1.84	0.184	0.445	0.0239	0.00551
TCGA.BR.7707.01A	0.68	0.0424	0.0769	2	2.01	2	0.00326	0.0392	0	0.00326
TCGA.BR.7715.01A	0.77	0.612	0.363	4	4.05	4.04	0.259	0.353	0	0
TCGA.BR.7716.01A	0.24	0.3	0.27	2	2.17	2.04	0.158	0.141	0.0488	0
TCGA.BR.7717.01A	0.58	0.812	0.255	4	3.68	3.81	0.288	0.524	0	0
TCGA.BR.7722.01A	0.7	0.255	0.234	2	1.92	1.94	0.0176	0.238	0.0335	0.0264
TCGA.BR.7723.01A	0.67	0.727	0.419	4	4.4	4.27	0.477	0.25	0	0
TCGA.BR.7851.01A	0.6	0.102	0.373	2	1.99	1.99	0.00199	0.0996	0	0.0378
TCGA.BR.7901.01A	0.46	0.621	0.471	4	4.35	4.16	0.329	0.293	0	0
TCGA.BR.7957.01A	0.18	0.0627	0.512	2	1.95	1.99	0.00306	0.0596	0.0275	0
TCGA.BR.7958.01A	0.92	0.24	0	2	2	2	0.118	0.123	0	0
TCGA.BR.8058.01A	0.65	0.029	0	2	2	2	0.00277	0.0263	0	0
TCGA.BR.8284.01A	0.72	0.122	0	2	2	2	0.0509	0.0709	0	0
TCGA.BR.8286.01A	0.89	0.286	0	2	2	2	0.122	0.164	0	0
TCGA.BR.8360.01A	0.7	0.0973	0	2	2	2	0.0314	0.0659	0	0
TCGA.BR.8363.01A	0.94	0.0129	0.25	2	2	2	0.00485	0.00808	0	0.00323
TCGA.BR.8364.01A	0.85	0.0154	0.333	2	2	2	0.00342	0.012	0	0.00513
TCGA.BR.8365.01A	0.94	0.00691	0.25	2	2	2	0	0.00691	0	0.00173
TCGA.BR.8367.01A	0.94	0.00584	0.25	2	2	2	0.00292	0.00292	0	0.00146
TCGA.BR.8368.01A	0.54	0.0074	0	2	2	2	0	0.0074	0	0
TCGA.BR.8369.01A	0.9	0.00792	0.2	2	2	2	0	0.00792	0	0.00158
TCGA.BR.8370.01A	0.55	0.00171	0	2	2	2	0	0.00171	0	0
TCGA.BR.8371.01A	0.88	0.0156	0.1	2	2	2	0.00781	0.00781	0	0.00156
TCGA.BR.8373.01A	0.87	0.01	0	2	2	2	0.005	0.005	0	0
TCGA.BR.8380.01A	0.81	0.014	0	2	2	2	0.00349	0.0105	0	0
TCGA.BR.8381.01A	0.99	0.227	0	2	2.03	2.03	0.118	0.109	0	0
TCGA.BR.8382.01A	0.08	0.732	0.414	2	1.75	1.98	0.114	0.617	0.179	0.0667
TCGA.BR.8384.01A	0.67	0.209	0.00719	2	2.01	2	0.114	0.0949	0	0
TCGA.BR.8483.01A	0.87	0.692	0.106	2	1.91	1.92	0.237	0.455	0.00786	0.038
TCGA.BR.8484.01A	0.61	0.166	0.252	2	2.08	2.05	0.101	0.0651	0	0
TCGA.BR.8486.01A	0.6	0.492	0.114	2	1.98	1.99	0.169	0.323	0.00176	0.0439
TCGA.BR.8588.01A	0.11	0.428	0.789	2	2.07	2.01	0.125	0.303	0.205	0.0572
TCGA.BR.8589.01A	0.54	0.262	0.0387	2	2.01	2.01	0.0971	0.165	0	0.00435
TCGA.BR.8590.01A	0.67	0.159	0	2	1.99	1.99	0.0309	0.128	0	0
TCGA.BR.8591.01A	0.55	0.23	0.034	2	2.02	2.01	0.11	0.121	0	0.00784
TCGA.BR.8592.01A	0.14	0.0893	0.719	2	2	2	0.0502	0.0392	0.0204	0.0172
TCGA.BR.8676.01A	0.16	0.361	0.54	2	2.26	2.04	0.179	0.181	0.0553	0.0172
TCGA.BR.8678.01A	0.85	0.654	0.208	4	3.82	3.85	0.242	0.412	0	0
TCGA.BR.8680.01A	0.68	0.367	0.103	2	1.96	1.97	0.132	0.236	0.0165	0.0214
TCGA.BR.8682.01A	0.45	0.356	0.236	2	2.11	2.05	0.166	0.19	0	0.0242
TCGA.BR.8683.01A	0.31	0.549	0.411	2	2.07	2.02	0.376	0.173	0.00771	0.0135
TCGA.BR.8686.01A	0.63	0.376	0	2	1.99	1.99	0.135	0.241	0	0
TCGA.BR.A44U.01A	0.64	0.549	0.0988	2	2.11	2.07	0.234	0.315	0	0.00508
TCGA.BR.A452.01A	0.63	0.219	0.378	2	2.04	2.03	0.117	0.102	0	0.0308
TCGA.BR.A453.01A	0.9	0.313	0	2	2	2	0.122	0.191	0	0
TCGA.BR.A4CQ.01A	0.81	0.647	0.0704	2	1.82	1.85	0.151	0.496	0.00488	0.0293
TCGA.BR.A4CR.01A	0.78	0.733	0.0626	2	1.9	1.92	0.19	0.543	0.00475	0.0158
TCGA.BR.A4CS.01A	0.57	0.46	0.207	2	2.3	2.17	0.275	0.185	0	0.00173
TCGA.BR.A4IU.01A	0.99	0.452	0	2	1.99	1.99	0.154	0.298	0	0
TCGA.BR.A4IV.01A	0.11	0.477	0.813	2	1.96	2	0.24	0.237	0.275	0.0656
TCGA.BR.A4IY.01A	0.22	0.251	0.329	2	2.1	2.02	0.127	0.124	0.0323	0
TCGA.BR.A4IZ.01A	0.6	0.208	0	2	1.99	2	0.037	0.171	0	0
TCGA.BR.A4J1.01A	0.78	0.607	0.395	2	1.92	1.94	0.245	0.362	0.017	0.204
TCGA.BR.A4J2.01A	0.13	0.218	0.713	2	2.06	2.01	0.0721	0.146	0.0797	0.0588
TCGA.BR.A4J4.01A	0.5	0.243	0.0472	2	2.03	2.01	0.103	0.14	0	0
TCGA.BR.A4J5.01A	0.73	0.486	0	2	2.01	2.01	0.187	0.299	0	0
TCGA.BR.A4J6.01A	0.6	0.537	0.0256	2	1.82	1.89	0.123	0.413	0.012	0
TCGA.BR.A4J7.01A	0.18	0.458	0.429	2	1.74	1.95	0.0777	0.38	0.101	0.0689
TCGA.BR.A4J8.01A	0.62	0.708	0.127	2	1.87	1.92	0.181	0.526	0.0264	0.0546
TCGA.BR.A4J9.01A	0.72	0.0149	0	2	2	2	0.00595	0.00893	0	0
TCGA.BR.A4PD.01A	0.64	0.557	0.159	2	2.05	2.03	0.213	0.345	0	0.0771
TCGA.BR.A4PE.01A	0.67	0.549	0.361	4	3.8	3.87	0.166	0.382	0	0
TCGA.BR.A4PF.01A	0.6	0.429	0.168	2	2.07	2.04	0.217	0.212	0	0.0599
TCGA.BR.A4QI.01A	0.64	0.701	0.344	4	3.76	3.85	0.202	0.499	0	0
TCGA.BR.A4QL.01A	0.75	0.422	0.0972	2	2.03	2.02	0.197	0.226	0	0.041
TCGA.BR.A4QM.01A	0.49	0.37	0.0538	2	1.99	2	0.119	0.25	0	0.0199
TCGA.CD.5798.01A	0.13	0.147	0.623	2	2	2	0.0617	0.0851	0.0532	0.0213
TCGA.CD.5800.01A	0.54	0.702	0.424	4	4.06	4.03	0.3	0.403	0	0
TCGA.CD.5801.01A	0.18	0.39	0.363	2	2.11	2.02	0.103	0.287	0.0672	0.0109
TCGA.CD.5802.01A	0.25	0.419	0.251	2	2.28	2.07	0.298	0.122	0.0289	0
TCGA.CD.5803.01A	0.19	0.457	0.231	2	1.84	1.97	0.166	0.291	0.0579	0.00798
TCGA.CD.5804.01A	0.4	0.265	0.517	2	2.15	2.06	0.141	0.124	0.00183	0.0494
TCGA.CD.8524.01A	0.88	0.388	0.25	2	1.96	1.96	0.113	0.275	0.00658	0.0806
TCGA.CD.8525.01A	0.93	0.505	0.241	2	2.04	2.04	0.24	0.265	0.00174	0.0784
TCGA.CD.8526.01A	0.83	0.4	0.213	2	1.92	1.93	0.0921	0.308	0.00503	0.0804
TCGA.CD.8527.01A	0.56	0.141	0.875	2	2.28	2.15	0.132	0.00982	0	0
TCGA.CD.8528.01A	0.88	0.277	0.188	2	1.97	1.97	0.0582	0.219	0	0.049
TCGA.CD.8529.01A	0.76	0.281	0.224	2	1.94	1.96	0.0413	0.24	0.00992	0.0512
TCGA.CD.8530.01A	0.9	0.429	0.2	2	1.75	1.78	0.0222	0.406	0.0841	0.00159
TCGA.CD.8531.01A	0.87	0.0148	0.111	2	2	2	0.00164	0.0131	0	0.00164
TCGA.CD.8532.01A	0.91	0.00824	0	2	2	2	0.00329	0.00494	0	0
TCGA.CD.8535.01A	0.95	0.0244	0.385	2	2	2	0.0131	0.0113	0	0.00938
TCGA.CD.8536.01A	0.84	0.0365	0.19	2	2.02	2.02	0.0208	0.0156	0	0.00694
TCGA.CD.A486.01A	0.73	0.481	0.149	2	2.1	2.07	0.204	0.277	0.00163	0.0196
TCGA.CD.A487.01A	0.47	0.351	0.131	2	2.12	2.06	0.191	0.16	0	0.00474
TCGA.CD.A489.01A	0.65	0.0995	0.557	4	3.99	3.99	0.0163	0.0832	0	0
TCGA.CD.A48A.01A	0.83	0.606	0.137	2	1.88	1.9	0.167	0.439	0.0151	0.0452
TCGA.CD.A48C.01A	0.82	0.591	0.125	2	1.94	1.95	0.158	0.433	0.00284	0.0511
TCGA.CD.A4MG.01A	0.54	0.139	0.086	2	2.04	2.02	0.0567	0.0821	0	0.00149
TCGA.CD.A4MH.01A	0.59	0.58	0.0791	2	1.92	1.95	0.19	0.39	0	0.0131
TCGA.CD.A4MJ.01A	0.72	0.152	0	2	2.01	2.01	0.0358	0.116	0	0
TCGA.CG.4300.01A	0.6	0.739	0.401	4	4.18	4.11	0.381	0.358	0	0
TCGA.CG.4301.01A	0.32	0.199	0.5	2	2.24	2.08	0.146	0.0524	0.0187	0.00187
TCGA.CG.4304.01A	0.47	0.305	0.148	2	1.98	1.99	0.149	0.155	0.00409	0.00204
TCGA.CG.4305.01A	0.39	0.371	0.123	2	2.17	2.06	0.205	0.166	0	0.00207
TCGA.CG.4306.01A	0.21	0.113	0.161	2	2.02	2	0.0804	0.0329	0.00548	0.00548
TCGA.CG.4436.01A	0.65	0.401	0.315	2	2.02	2.02	0.152	0.249	0.00361	0.0253
TCGA.CG.4437.01A	0.61	0.31	0.142	2	2.05	2.03	0.18	0.129	0	0.0142
TCGA.CG.4438.01A	0.62	0.906	0.261	2	2.57	2.35	0.599	0.308	0.0104	0.141
TCGA.CG.4440.01A	0.72	0.361	0.239	2	1.93	1.95	0.0863	0.274	0.0077	0.0524
TCGA.CG.4441.01A	0.61	0.277	0.042	2	2.03	2.02	0.124	0.153	0.00388	0
TCGA.CG.4442.01A	0.37	0.0399	0.739	2	2.06	2.02	0.0347	0.00521	0	0
TCGA.CG.4443.01A	0.88	0.385	0.255	2	1.88	1.9	0.123	0.262	0.084	0
TCGA.CG.4444.01A	0.59	0.652	0.471	4	4.29	4.17	0.321	0.331	0	0
TCGA.CG.4449.01A	0.57	0.435	0.0467	2	1.75	1.86	0.0894	0.346	0.00813	0.00203
TCGA.CG.4455.01A	0.38	0.525	0.169	2	2.03	2.01	0.228	0.296	0.0206	0.035
TCGA.CG.4460.01A	0.75	0.27	0.35	4	4.14	4.11	0.129	0.141	0	0
TCGA.CG.4462.01A	0.1	0.00595	1	2	2.04	2	0.00595	0	0	0.00198
TCGA.CG.4465.01A	0.7	0.236	0.0439	2	1.99	1.99	0.0661	0.169	0	0.0103
TCGA.CG.4466.01A	0.87	0.674	0.273	4	3.81	3.84	0.231	0.442	0	0
TCGA.CG.4469.01A	0.82	0.269	0.0672	2	2.05	2.04	0.18	0.0882	0.00601	0.012
TCGA.CG.4472.01A	0.59	0.306	0.513	2	2.21	2.13	0.223	0.0831	0	0.0204
TCGA.CG.4474.01A	0.4	0.222	0.15	2	2.06	2.03	0.141	0.0807	0.00414	0.00621
TCGA.CG.4475.01A	0.6	0.289	0.429	2	2.19	2.11	0.222	0.0672	0	0.0467
TCGA.CG.4476.01A	0.3	0.523	0.318	2	2.27	2.08	0.336	0.186	0.0082	0.00615
TCGA.CG.4477.01A	0.42	0.306	0.0127	2	1.8	1.91	0.0409	0.265	0.00195	0.00195
TCGA.CG.5716.01A	0.78	0.226	0	2	2	2	0.0923	0.134	0	0
TCGA.CG.5717.01A	0.13	0.331	0.762	2	2	2	0.13	0.201	0.106	0.102
TCGA.CG.5718.01A	0.53	0.724	0.386	2	2.1	2.05	0.274	0.45	0.0754	0.0873
TCGA.CG.5719.01A	0.36	0.222	0.168	2	2.06	2.02	0.123	0.0991	0	0
TCGA.CG.5720.01A	0.64	0.354	0.195	2	1.97	1.98	0.138	0.216	0.0183	0.0509
TCGA.CG.5721.01A	0.88	0.583	0	2	1.99	2	0.271	0.312	0	0
TCGA.CG.5722.01A	0.59	0.0643	0	2	2.01	2	0.0239	0.0404	0	0
TCGA.CG.5723.01A	0.51	0.357	0	2	2.01	2.01	0.187	0.171	0	0
TCGA.CG.5724.01A	0.71	0.61	0.0826	2	1.85	1.89	0.124	0.486	0.0018	0.036
TCGA.CG.5725.01A	0.96	0.49	0.564	4	3.48	3.5	0.105	0.385	0	0.0131
TCGA.CG.5726.01A	0.48	0.449	0.228	2	2.38	2.18	0.288	0.162	0	0
TCGA.CG.5727.01A	0.71	0.416	0.247	2	2.14	2.1	0.151	0.265	0	0.0268
TCGA.CG.5728.01A	0.41	0.359	0.27	2	2.02	2.01	0.153	0.206	0.0141	0.0444
TCGA.CG.5730.01A	0.84	0.728	0.465	6	6	6	0.346	0.382	0	0
TCGA.CG.5732.01A	0.6	0.215	0.114	2	1.95	1.97	0.0524	0.162	0.00349	0.00175
TCGA.CG.5733.01A	0.63	0.315	0.281	2	2.09	2.06	0.198	0.117	0.0103	0.0473
TCGA.CG.5734.01A	0.13	0.448	0.645	2	1.91	1.99	0.141	0.307	0.149	0.0906
TCGA.D7.5577.01A	0.75	0.622	0.023	2	1.98	1.98	0.199	0.423	0	0.0114
TCGA.D7.5578.01A	0.54	0.564	0.131	2	2.09	2.05	0.254	0.311	0.0133	0.0303
TCGA.D7.5579.01A	0.28	0.688	0.353	2	2.32	2.09	0.399	0.289	0.0198	0.0356
TCGA.D7.6518.01A	0.3	0.547	0.261	2	2.24	2.07	0.29	0.258	0.0161	0.0543
TCGA.D7.6519.01A	0.84	0.549	0.468	4	3.36	3.46	0.128	0.42	0	0
TCGA.D7.6520.01A	0.68	0.355	0.0754	2	1.97	1.98	0.155	0.2	0.00357	0.0125
TCGA.D7.6521.01A	0.34	0.33	0.233	2	2.19	2.06	0.248	0.0826	0.00188	0.0188
TCGA.D7.6522.01A	0.74	0.374	0	2	2	2	0.217	0.157	0	0
TCGA.D7.6524.01A	0.19	0.144	0.403	2	2.01	2	0.043	0.101	0.0206	0.0131
TCGA.D7.6525.01A	0.73	0.254	0.0185	2	1.83	1.88	0.0219	0.232	0	0.00313
TCGA.D7.6526.01A	0.84	0.757	0.173	4	3.86	3.89	0.266	0.491	0	0
TCGA.D7.6527.01A	0.7	0.569	0.237	4	3.68	3.78	0.138	0.431	0	0
TCGA.D7.6528.01A	0.79	0.633	0.39	4	3.64	3.72	0.191	0.442	0	0
TCGA.D7.6815.01A	0.81	0.565	0.0631	2	1.91	1.93	0.21	0.355	0.0281	0.00188
TCGA.D7.6817.01A	0.52	0.41	0.124	2	2.22	2.11	0.329	0.0805	0	0
TCGA.D7.6818.01A	0.63	0.249	0.0718	2	2.03	2.02	0.11	0.139	0	0
TCGA.D7.6820.01A	0.65	0.533	0.278	4	3.67	3.78	0.0741	0.459	0	0
TCGA.D7.6822.01A	0.69	0.667	0.366	2	2.09	2.06	0.266	0.401	0.0164	0.11
TCGA.D7.8570.01A	0.86	0.271	0.195	2	1.9	1.91	0.0295	0.241	0.0404	0.0124
TCGA.D7.8572.01A	0.84	0.391	0.188	2	1.91	1.93	0.104	0.287	0.0307	0.0199
TCGA.D7.8573.01A	0.97	0.00803	0.2	2	2	2	0.00321	0.00482	0	0.00161
TCGA.D7.8574.01A	0.88	0.154	0.319	2	2.01	2.01	0.0574	0.0963	0	0.049
TCGA.D7.8575.01A	0.86	0.0253	0.0625	2	2	2	0.00633	0.019	0	0.00158
TCGA.D7.8578.01A	0.93	0.0226	0.0833	2	2	2	0.00377	0.0188	0	0.00188
TCGA.D7.8579.01A	0.91	0.527	0.51	2	2.14	2.13	0.306	0.221	0	0.252
TCGA.D7.A4YT.01A	0.68	0.47	0.212	2	1.84	1.89	0.0982	0.372	0.0366	0.0236
TCGA.D7.A4YU.01A	0.2	0.183	0.366	2	2.13	2.03	0.0408	0.142	0.044	0.00326
TCGA.D7.A4YV.01A	0.84	0.369	0	2	2.02	2.01	0.0897	0.279	0	0
TCGA.D7.A4YX.01A	0.63	0.179	0.124	2	1.99	2	0.0528	0.126	0	0.0221
TCGA.D7.A4YY.01A	0.81	0.181	0.125	2	1.93	1.94	0.0357	0.145	0.0167	0.00476
TCGA.D7.A6ET.01A	0.99	0.159	0	2	2	2	0.0484	0.11	0	0
TCGA.D7.A6EV.01A	0.68	0.583	0.167	2	1.98	1.98	0.183	0.4	0	0.06
TCGA.D7.A6EX.01A	0.78	0.774	0.269	2	2.73	2.57	0.601	0.173	0.0216	0.053
TCGA.D7.A6EY.01A	0.21	0.146	0.195	2	2.02	2	0.0481	0.098	0.00891	0.00178
TCGA.D7.A6EZ.01A	0.63	0.501	0.138	2	1.98	1.99	0.154	0.347	0.0207	0.0242
TCGA.D7.A6F0.01A	0.75	0.84	0.429	4	4.28	4.21	0.456	0.384	0	0
TCGA.D7.A6F2.01A	0.72	0.596	0.245	4	4	4	0.262	0.333	0	0
TCGA.D7.A747.01A	0.15	0.212	0.707	2	2.04	2.01	0.0725	0.14	0.0449	0.0535
TCGA.D7.A748.01A	0.16	0.221	0.404	2	2	2	0.0688	0.152	0.0121	0.0324
TCGA.D7.A74A.01A	0.9	0.747	0.093	2	2.34	2.3	0.525	0.222	0.00579	0.0444
TCGA.D7.A74B.01A	0.66	0.444	0	2	2.01	2	0.238	0.206	0	0
TCGA.EQ.5647.01A	0.83	0.494	0.0956	2	1.87	1.89	0.0769	0.417	0.0175	0.0189
TCGA.EQ.8122.01A	0.91	0.329	0.17	2	1.82	1.83	0.0177	0.311	0.0501	0.0059
TCGA.EQ.A4SO.01A	0.78	0.544	0.0708	2	1.89	1.92	0.215	0.329	0.00161	0.0161
TCGA.F1.6177.01A	0.87	0.31	0.176	2	2.03	2.03	0.153	0.158	0	0.0547
TCGA.F1.6874.01A	0.64	0.209	0.00806	2	2.02	2.01	0.059	0.15	0	0.00169
TCGA.F1.6875.01A	0.87	0.742	0.417	6	4.93	5.07	0.0977	0.644	0	0
TCGA.F1.A448.01A	0.14	0.205	0.486	2	2.04	2.01	0.0731	0.132	0.0492	0.0253
TCGA.F1.A72C.01A	0.29	0.194	0.333	2	2.1	2.03	0.147	0.0464	0.00403	0
TCGA.FP.7735.01A	0.48	0.49	0.489	2	2.41	2.2	0.273	0.217	0	0.0574
TCGA.FP.7829.01A	0.85	0.487	0.421	4	3.69	3.73	0.111	0.375	0	0
TCGA.FP.7916.01A	0.35	0.66	0.366	2	2.07	2.02	0.389	0.27	0.0175	0.189
TCGA.FP.7998.01A	0.98	0.0538	0.0244	2	2.01	2.01	0.0236	0.0302	0	0
TCGA.FP.8099.01A	0.93	0.477	0.116	2	1.91	1.92	0.109	0.368	0.0115	0.00573
TCGA.FP.8209.01A	0.87	0.0444	0.0769	2	2	2	0.00684	0.0376	0.00171	0.00171
TCGA.FP.8210.01A	0.77	0.0503	0.0909	2	2.01	2.01	0.0168	0.0335	0	0.00457
TCGA.FP.8211.01A	0.83	0.108	0.328	2	2.08	2.07	0.0911	0.0167	0	0.0316
TCGA.FP.8631.01A	0.62	0.492	0.0693	2	2.12	2.08	0.294	0.198	0	0.00162
TCGA.FP.A4BE.01A	0.55	0.462	0.0432	2	2	2	0.164	0.297	0.00664	0
TCGA.FP.A4BF.01A	0.43	0.502	0.282	2	2.12	2.05	0.278	0.224	0	0.0707
TCGA.FP.A8CX.01A	0.14	0.171	0.371	2	2.05	2.01	0.0739	0.0968	0.0317	0.0246
TCGA.FP.A9TM.01A	0.37	0.611	0.431	4	3.99	4	0.233	0.378	0	0.00191
TCGA.HF.7131.01A	0.55	0.618	0.703	4	3.25	3.59	0.0459	0.572	0	0
TCGA.HF.7132.01A	0.35	0.451	0.152	2	2.08	2.03	0.258	0.193	0	0.0564
TCGA.HF.7133.01A	0.54	0.506	0.285	2	1.67	1.82	0.0889	0.417	0.0968	0.0257
TCGA.HF.7134.01A	0.8	0.43	0.357	2	2.22	2.18	0.206	0.224	0	0.00251
TCGA.HF.7136.01A	0.79	0.782	0.0657	2	1.86	1.89	0.259	0.523	0	0.0514
TCGA.HF.A5NB.01A	0.91	0.315	0.214	2	2.06	2.06	0.143	0.173	0	0.0675
TCGA.HJ.7597.01A	0.61	0.352	0.00976	2	1.93	1.96	0.0893	0.263	0.00172	0.00172
TCGA.HU.8238.01A	0.92	0.0333	0.0556	2	2.02	2.02	0.0204	0.013	0	0.00185
TCGA.HU.8243.01A	0.86	0.196	0.289	2	1.98	1.98	0.0469	0.149	0.00162	0.055
TCGA.HU.8244.01A	0.93	0.403	0.214	2	1.98	1.98	0.122	0.281	0	0.069
TCGA.HU.8245.01A	0.88	0.106	0.25	2	2.05	2.04	0.0759	0.0297	0	0.0248
TCGA.HU.8249.01A	0.87	0.117	0.164	2	2.03	2.03	0.069	0.0482	0	0.0112
TCGA.HU.8602.01A	0.5	0.326	0.175	2	2.12	2.06	0.168	0.158	0	0
TCGA.HU.8604.01A	0.78	0.101	0.0143	2	2.01	2.01	0.0476	0.0534	0	0
TCGA.HU.8608.01A	0.23	0.1	0.278	2	2	2	0.0465	0.0539	0.0149	0
TCGA.HU.8610.01A	0.17	0.342	0.42	2	2.02	2	0.146	0.197	0.0753	0.0171
TCGA.HU.A4G2.01A	0.68	0.26	0.0773	2	2.03	2.02	0.0777	0.182	0	0
TCGA.HU.A4G3.01A	0.72	0.312	0	2	2	2	0.143	0.17	0	0
TCGA.HU.A4G6.01A	0.75	0.911	0.0409	4	3.88	3.91	0.324	0.587	0	0
TCGA.HU.A4G8.01A	0.17	0.186	0.426	2	1.98	2	0.0519	0.135	0.0421	0.0162
TCGA.HU.A4G9.01A	0.89	0.336	0.425	2	2.16	2.15	0.176	0.16	0	0.0849
TCGA.HU.A4GC.01A	0.26	0.471	0.286	2	2.28	2.07	0.262	0.209	0.0304	0.0019
TCGA.HU.A4GF.01A	0.73	0.627	0.228	2	2	2	0.266	0.361	0	0.0964
TCGA.HU.A4GH.01A	0.72	0.615	0.205	4	3.98	3.99	0.297	0.319	0	0
TCGA.HU.A4GJ.01A	0.78	0.211	0	2	2	2	0.114	0.0976	0	0
TCGA.HU.A4GN.01A	0.06	0.173	0.988	2	2.04	2	0.1	0.0729	0.0708	0.135
TCGA.HU.A4GP.01A	0.84	0.316	0.392	4	4	4	0.122	0.194	0	0
TCGA.HU.A4GQ.01A	0.51	0.152	0.15	2	2.06	2.03	0.0639	0.0883	0	0.00913
TCGA.HU.A4GT.01A	0.81	0.403	0.0752	2	2.04	2.04	0.119	0.283	0	0.0107
TCGA.HU.A4GU.01A	0.76	0.581	0.132	2	1.88	1.91	0.204	0.377	0.0081	0.0628
TCGA.HU.A4GX.01A	0.55	0.0295	0	2	2	2	0.00369	0.0258	0	0
TCGA.HU.A4GY.01A	0.77	0.374	0	2	2.01	2.01	0.148	0.226	0	0
TCGA.HU.A4H0.01A	0.54	0.238	0.0468	2	2.02	2.01	0.0865	0.152	0	0
TCGA.HU.A4H2.01A	0.62	0.31	0.134	2	2.01	2.01	0.114	0.195	0	0.0166
TCGA.HU.A4H4.01A	0.27	0.352	0.321	2	2.16	2.04	0.208	0.144	0.0219	0
TCGA.HU.A4H5.01A	0.68	0.662	0.147	2	1.84	1.89	0.244	0.418	0.0118	0.0639
TCGA.HU.A4H6.01A	0.15	0.513	0.609	2	2.05	2.01	0.238	0.275	0.139	0.06
TCGA.HU.A4H8.01A	0.69	0.032	0.0556	2	2.03	2.02	0.0249	0.0071	0	0.00178
TCGA.HU.A4HB.01A	0.43	0.00177	0	2	2	2	0.00177	0	0	0
TCGA.HU.A4HD.01A	0.63	0.49	0.278	2	2.03	2.02	0.189	0.301	0	0.0926
TCGA.IN.7806.01A	0.63	0.293	0.185	2	1.73	1.83	0.0153	0.278	0.0508	0.00339
TCGA.IN.7808.01A	0.33	0.348	0.218	2	2.08	2.03	0.169	0.18	0.0037	0.00556
TCGA.IN.8462.01A	0.88	0.289	0.319	2	2.02	2.02	0.112	0.177	0	0.0923
TCGA.IN.8663.01A	0.84	0.475	0.11	2	1.85	1.87	0.0778	0.397	0.0222	0.00476
TCGA.IN.A6RI.01A	0.67	0.502	0.136	2	1.78	1.85	0.0934	0.409	0.0187	0.0436
TCGA.IN.A6RJ.01A	0.17	0.491	0.496	2	1.96	1.99	0.181	0.31	0.101	0.0569
TCGA.IN.A6RL.01A	0.63	0.491	0.388	4	3.79	3.87	0.142	0.349	0	0
TCGA.IN.A6RN.01A	0.54	0.62	0.045	2	1.92	1.96	0.187	0.432	0.012	0
TCGA.IN.A6RO.01A	0.97	0.349	0.061	2	1.93	1.93	0.0623	0.287	0.00328	0.00164
TCGA.IN.A6RP.01A	0.6	0.367	0.158	2	2.02	2.01	0.126	0.241	0	0.00664
TCGA.IN.A6RR.01A	0.73	0.65	0.055	2	1.76	1.83	0.175	0.475	0.00596	0.0239
TCGA.IN.A6RS.01A	0.54	0.23	0.548	4	3.94	3.97	0.0527	0.177	0	0
TCGA.IN.A7NR.01A	0.17	0.265	0.459	2	1.92	1.99	0.0636	0.202	0.0509	0.0491
TCGA.IN.A7NT.01A	0.6	0.424	0.504	4	3.78	3.87	0.0781	0.345	0	0
TCGA.IN.A7NU.01A	0.5	0.454	0.0923	2	2.09	2.04	0.191	0.263	0	0.0201
TCGA.IN.AB1V.01A	0.31	0.366	0.342	2	1.98	1.99	0.133	0.233	0.0196	0.0822
TCGA.IN.AB1X.01A	0.4	0.236	0.13	2	1.93	1.97	0.0766	0.159	0.0249	0.00575
TCGA.IP.7968.01A	0.72	0.542	0.171	2	1.96	1.97	0.163	0.379	0.0217	0.0525
TCGA.KB.A6F5.01A	0.53	0.694	0.508	4	3.54	3.75	0.174	0.521	0	0
TCGA.KB.A6F7.01A	0.59	0.509	0.688	6	5.89	5.93	0.201	0.308	0	0
TCGA.KB.A93G.01A	0.14	0.196	0.631	2	2	2	0.0811	0.115	0.0776	0.0194
TCGA.KB.A93H.01A	0.81	0.565	0.281	4	3.87	3.9	0.175	0.39	0	0
TCGA.KB.A93J.01A	0.67	0.513	0.0621	2	1.68	1.78	0.111	0.402	0.0288	0
TCGA.MX.A5UG.01A	0.14	0.0161	0.625	2	2	2	0.00602	0.01	0.00201	0.00803
TCGA.MX.A5UJ.01A	0.65	0.168	0	2	2.08	2.05	0.109	0.0593	0	0
TCGA.MX.A663.01A	0.15	0.246	0.49	2	2	2	0.109	0.137	0.0634	0.0325
TCGA.MX.A666.01A	0.56	0.112	0.282	2	2.08	2.04	0.0629	0.0487	0	0.00472
TCGA.R5.A7O7.01A	0.35	0.564	0.485	4	3.91	3.97	0.136	0.428	0	0
TCGA.R5.A7ZE.01B	0.58	0.458	0.244	2	2.11	2.06	0.188	0.269	0	0.0373
TCGA.R5.A7ZF.01A	0.2	0.386	0.378	2	2.12	2.02	0.234	0.152	0.0442	0.0236
TCGA.R5.A7ZI.01A	0.29	0.319	0.332	2	2.12	2.03	0.163	0.156	0.0084	0
TCGA.R5.A7ZR.01A	0.79	0.402	0.303	4	3.7	3.76	0.0887	0.313	0	0
TCGA.R5.A804.01A	0.17	0.233	0.254	2	2.02	2	0.13	0.103	0.0082	0.0131
TCGA.R5.A805.01A	0.39	0.432	0.321	2	1.87	1.95	0.147	0.285	0.053	0.00815
TCGA.RD.A7BS.01A	0.2	0.49	0.275	2	1.97	1.99	0.189	0.301	0.0371	0.043
TCGA.RD.A7BT.01A	0.74	0.487	0.489	4	4.03	4.02	0.137	0.35	0	0
TCGA.RD.A7BW.01A	0.12	0.324	0.75	2	1.94	1.99	0.117	0.206	0.174	0.0425
TCGA.RD.A7C1.01A	0.47	0.793	0.591	4	3.87	3.94	0.294	0.499	0	0
TCGA.RD.A8MV.01A	0.29	0.0919	0.471	2	2.12	2.04	0.0595	0.0324	0.0018	0.0036
TCGA.RD.A8MW.01A	0.32	0.437	0.322	2	2.1	2.03	0.26	0.177	0	0.0913
TCGA.RD.A8N0.01A	0.69	0.353	0	2	2	2	0.189	0.163	0	0
TCGA.RD.A8N1.01A	0.27	0.295	0.464	2	2.08	2.02	0.181	0.114	0.0368	0.00702
TCGA.RD.A8N2.01A	0.71	0.0285	0	2	2	2	0	0.0285	0	0
TCGA.RD.A8N4.01A	0.81	0.235	0	2	2	2	0.101	0.133	0	0
TCGA.RD.A8N6.01A	0.72	0.672	0.348	4	4.16	4.11	0.32	0.352	0	0
TCGA.RD.A8N9.01A	0.37	0.375	0.291	2	2.25	2.09	0.283	0.0912	0	0
TCGA.SW.A7EA.01A	0.66	0.202	0.2	2	2.02	2.02	0.081	0.121	0.00607	0.00202
TCGA.SW.A7EB.01A	0.28	0.301	0.289	2	2.17	2.05	0.208	0.0924	0	0.00543
TCGA.VQ.A8DL.01A	0.46	0.411	0.156	2	1.94	1.97	0.161	0.25	0.0136	0.0116
TCGA.VQ.A8DT.01A	0.29	0.597	0.282	2	2.56	2.16	0.397	0.2	0.0321	0.0227
TCGA.VQ.A8DU.01A	0.64	0.753	0.182	2	2	2	0.367	0.386	0.0178	0.0819
TCGA.VQ.A8DV.01A	0.71	0.766	0.538	4	4.16	4.11	0.367	0.399	0	0
TCGA.VQ.A8DZ.01A	0.64	0.693	0.276	4	4.24	4.16	0.317	0.376	0	0
TCGA.VQ.A8E0.01A	0.6	0.789	0.45	4	3.1	3.46	0.0817	0.707	0	0
TCGA.VQ.A8E2.01A	0.55	0.768	0.347	4	4.17	4.09	0.348	0.419	0	0
TCGA.VQ.A8E3.01A	0.61	0.595	0.151	2	1.84	1.9	0.135	0.46	0.0138	0.0588
TCGA.VQ.A8E7.01B	0.64	0.405	0.211	2	1.89	1.93	0.078	0.327	0.0127	0.0599
TCGA.VQ.A8P2.01A	0.86	0.206	0.0283	2	2.05	2.04	0.0837	0.123	0	0.00389
TCGA.VQ.A8P3.01A	0.63	0.0342	0.217	2	2.01	2.01	0.0178	0.0163	0	0
TCGA.VQ.A8P5.01A	0.54	0.591	0.47	4	3.98	3.99	0.255	0.336	0	0
TCGA.VQ.A8P8.01A	0.87	0.2	0	2	2	2	0.0923	0.108	0	0
TCGA.VQ.A8PB.01A	0.16	0.119	0.649	2	2.26	2.04	0.0833	0.0355	0.0154	0.00926
TCGA.VQ.A8PC.01A	0.21	0.263	0.286	2	1.93	1.99	0.0782	0.185	0.0532	0.00469
TCGA.VQ.A8PD.01A	0.12	0.186	0.812	2	2.03	2	0.111	0.0756	0.0701	0.0424
TCGA.VQ.A8PE.01A	0.51	0.749	0.17	2	2.1	2.05	0.349	0.399	0.00924	0.0591
TCGA.VQ.A8PF.01A	0.6	0.211	0	2	2.03	2.02	0.12	0.0909	0	0
TCGA.VQ.A8PH.01A	0.63	0.754	0.379	4	3.84	3.9	0.219	0.535	0	0
TCGA.VQ.A8PJ.01A	0.78	0.755	0.44	4	4.39	4.3	0.424	0.331	0	0
TCGA.VQ.A8PK.01A	0.6	0.691	0.138	2	1.57	1.74	0.126	0.565	0.0485	0.0408
TCGA.VQ.A8PM.01A	0.22	0.33	0.26	2	1.98	2	0.118	0.212	0.0356	0.0146
TCGA.VQ.A8PO.01A	0.56	0.184	0.14	2	2	2	0.0549	0.129	0.00343	0.0206
TCGA.VQ.A8PP.01A	0.55	0.235	0.203	2	2.07	2.04	0.123	0.112	0	0
TCGA.VQ.A8PQ.01A	0.11	0.441	0.817	2	1.98	2	0.195	0.246	0.259	0.0404
TCGA.VQ.A8PS.01A	0.52	0.392	0.033	2	1.83	1.91	0.0684	0.323	0.00185	0
TCGA.VQ.A8PT.01A	0.69	0.145	0.134	2	2.06	2.04	0.0848	0.0601	0	0
TCGA.VQ.A8PU.01A	0.82	0.439	0.127	2	1.83	1.86	0.0835	0.355	0.0309	0.00927
TCGA.VQ.A8PX.01A	0.51	0.583	0.531	4	3.92	3.96	0.152	0.432	0	0
TCGA.VQ.A8PY.01A	0.45	0.705	0.599	4	3.98	3.99	0.188	0.516	0	0
TCGA.VQ.A8PZ.01A	0.86	0.123	0.107	2	2	2	0.0262	0.0966	0	0.0131
TCGA.VQ.A91A.01A	0.48	0.517	0.0915	2	2.06	2.03	0.251	0.266	0	0.00546
TCGA.VQ.A91D.01A	0.71	0.0587	0.0286	2	1.99	1.99	0.0151	0.0436	0.00168	0
TCGA.VQ.A91E.01A	0.36	0.28	0.327	2	2.1	2.04	0.183	0.0968	0	0.0197
TCGA.VQ.A91K.01A	0.75	0.179	0.111	2	1.97	1.98	0.0618	0.118	0.0179	0.00199
TCGA.VQ.A91N.01A	0.69	0.725	0.21	2	2.07	2.05	0.317	0.408	0.00155	0.11
TCGA.VQ.A91Q.01A	0.65	0.541	0.0912	2	1.89	1.93	0.159	0.382	0.011	0
TCGA.VQ.A91S.01A	0.61	0.687	0.116	2	2.09	2.05	0.259	0.428	0.0169	0.0237
TCGA.VQ.A91U.01A	0.71	0.556	0.137	2	1.88	1.91	0.163	0.393	0.0199	0
TCGA.VQ.A91V.01A	0.88	0.471	0.107	2	1.88	1.9	0.119	0.351	0.0435	0
TCGA.VQ.A91W.01A	0.13	0.433	0.705	2	2	2	0.116	0.317	0.164	0.0843
TCGA.VQ.A91X.01A	0.71	0.71	0.342	4	4.29	4.21	0.472	0.238	0	0
TCGA.VQ.A91Y.01A	0.34	0.166	0.106	2	2	2	0.0423	0.123	0.00176	0
TCGA.VQ.A91Z.01A	0.77	0.82	0.273	2	2.79	2.61	0.553	0.267	0.00588	0.116
TCGA.VQ.A922.01A	0.66	0.775	0.383	4	3.51	3.68	0.177	0.598	0	0
TCGA.VQ.A923.01A	0.57	0.531	0.336	4	4.17	4.1	0.326	0.205	0	0
TCGA.VQ.A924.01A	0.57	0.0949	0.0741	2	1.98	1.99	0.0334	0.0615	0.00703	0
TCGA.VQ.A925.01A	0.78	0.416	0.328	4	3.68	3.75	0.0782	0.338	0	0
TCGA.VQ.A927.01A	0.99	0.124	0	2	2	2	0.0432	0.0806	0	0
TCGA.VQ.A928.01A	0.58	0.288	0.0252	2	2.05	2.03	0.141	0.147	0.00362	0.00181
TCGA.VQ.A92D.01A	0.72	0.252	0.111	2	2.08	2.06	0.144	0.107	0	0.0109
TCGA.VQ.A94O.01A	0.82	0.498	0.177	2	2.05	2.04	0.156	0.342	0.00138	0.0372
TCGA.VQ.A94P.01A	0.99	0.0274	0	2	2	2	0.0161	0.0113	0	0
TCGA.VQ.A94R.01A	0.68	0.704	0.106	2	2.14	2.09	0.307	0.396	0.00475	0.00792
TCGA.VQ.A94T.01A	0.85	0.425	0.326	4	3.65	3.7	0.0685	0.357	0	0
TCGA.VQ.A94U.01A	0.74	0.85	0.508	4	3.04	3.29	0.0934	0.757	0	0
TCGA.VQ.AA64.01A	0.56	0.317	0.33	2	2.09	2.05	0.168	0.15	0.00166	0.0199
TCGA.VQ.AA68.01A	0.68	0.771	0.446	4	3.33	3.54	0.104	0.667	0	0
TCGA.VQ.AA69.01A	0.79	0.631	0.0197	4	3.93	3.94	0.0248	0.606	0	0
TCGA.VQ.AA6A.01A	0.83	0.651	0.209	4	3.87	3.89	0.198	0.453	0	0
TCGA.VQ.AA6B.01A	0.85	0.508	0.0767	2	1.81	1.84	0.0941	0.414	0.0255	0.00134
TCGA.VQ.AA6D.01A	0.83	0.352	0.104	2	1.9	1.92	0.127	0.225	0.0255	0
TCGA.VQ.AA6F.01A	0.26	0.362	0.367	2	2.03	2.01	0.163	0.2	0.0111	0.0776
TCGA.VQ.AA6G.01A	0.61	0.189	0.00901	2	1.92	1.95	0.0476	0.141	0	0
TCGA.VQ.AA6I.01A	0.56	0.532	0.587	4	3.8	3.89	0.0962	0.436	0	0
TCGA.VQ.AA6J.01A	0.27	0.571	0.375	2	2.03	2.01	0.166	0.406	0.0122	0.153
TCGA.VQ.AA6K.01A	0.54	0.576	0.696	4	3.49	3.73	0.0949	0.481	0	0
TCGA.ZA.A8F6.01A	0.21	0.0934	0.175	2	1.97	1.99	0.0197	0.0738	0.0115	0
TCGA.ZQ.A9CR.01A	0.26	0.474	0.425	2	2.54	2.14	0.326	0.148	0.0366	0
