sampleid	purity	PC	PoP	Euploidy	pl.tumor	pl.overall	%amp	%del	%del.loh	%cn.loh
TCGA.2Y.A9GS.01A	0.69	0.434	0.0508	2	1.76	1.83	0.0966	0.337	0.022	0
TCGA.2Y.A9GT.01A	0.63	0.319	0.00459	2	1.99	2	0.174	0.145	0	0
TCGA.2Y.A9GV.01A	0.64	0.272	0.0563	2	1.95	1.97	0.113	0.159	0.00956	0
TCGA.2Y.A9GW.01A	0.54	0.226	0.258	2	2.26	2.14	0.133	0.0929	0	0.00139
TCGA.2Y.A9GX.01A	0.17	0.327	0.331	2	1.94	1.99	0.148	0.179	0.056	0.0162
TCGA.2Y.A9GY.01A	0.71	0.482	0.368	4	3.63	3.74	0.131	0.351	0	0
TCGA.2Y.A9GZ.01A	0.93	0.213	0.198	4	3.9	3.91	0.0335	0.18	0	0
TCGA.2Y.A9H3.01A	0.51	0.268	0.521	4	3.99	3.99	0.0656	0.203	0	0
TCGA.2Y.A9H4.01A	0.87	0.185	0.136	2	1.92	1.93	0.0628	0.122	0.0251	0
TCGA.2Y.A9H5.01A	0.81	0.411	0.387	4	3.88	3.9	0.141	0.27	0	0
TCGA.2Y.A9H7.01A	0.87	0.171	0.206	2	1.92	1.93	0.0546	0.116	0.0352	0
TCGA.2Y.A9H8.01A	0.76	0.587	0.065	2	1.91	1.93	0.159	0.428	0.00498	0.00166
TCGA.2Y.A9H9.01A	0.94	0.195	0.183	2	2.01	2.01	0.0921	0.103	0.0188	0
TCGA.2Y.A9HA.01A	0.8	0.239	0.229	2	1.93	1.95	0.0674	0.171	0.051	0
TCGA.3K.AAZ8.01A	0.3	0.53	0.0797	2	2.06	2.02	0.218	0.312	0.00352	0
TCGA.4R.AA8I.01A	0.8	0.476	0.0271	2	1.9	1.92	0.207	0.269	0.0129	0
TCGA.5C.A9VG.01A	0.18	0.574	0.325	2	1.97	1.99	0.246	0.327	0.0843	0.034
TCGA.5C.A9VH.01A	0.83	0.267	0.434	2	2.04	2.04	0.0956	0.171	0.0386	0
TCGA.5C.AAPD.01A	0.55	0.425	0.327	2	1.68	1.82	0.0552	0.37	0.119	0.0143
TCGA.5R.AA1C.01A	0.91	0.503	0.439	4	4.5	4.46	0.393	0.109	0	0
TCGA.5R.AA1D.01A	0.15	0.132	0.64	2	1.96	1.99	0.0368	0.0949	0.049	0.0214
TCGA.5R.AAAM.01A	0.54	0.27	0.0511	2	1.97	1.98	0.13	0.14	0.0118	0
TCGA.BC.4072.01B	0.56	0.558	0.025	2	2.03	2.02	0.159	0.4	0.00175	0.00175
TCGA.BC.4073.01B	0.5	0.166	0.0225	2	1.93	1.97	0.0596	0.106	0.00186	0
TCGA.BC.A10Q.01A	0.88	0.629	0.263	4	3.97	3.98	0.317	0.311	0	0
TCGA.BC.A10R.01A	0.63	0.863	0.499	2	2.78	2.49	0.667	0.196	0.00794	0.0893
TCGA.BC.A10S.01A	0.74	0.203	0.17	4	4.08	4.06	0.067	0.136	0	0
TCGA.BC.A10T.01A	0.77	0.333	0.0205	2	1.9	1.93	0.0778	0.255	0	0.00682
TCGA.BC.A10U.01A	0.92	0.326	0.567	4	4.11	4.1	0.18	0.146	0	0
TCGA.BC.A10W.01A	0.74	0.277	0.392	2	2.14	2.1	0.138	0.14	0.0368	0.00581
TCGA.BC.A10X.01A	0.16	0.0111	0.167	2	2	2	0	0.0111	0	0
TCGA.BC.A10Y.01A	0.93	0.242	0.211	2	2	2	0.11	0.132	0.0453	0
TCGA.BC.A10Z.01A	0.98	0.2	0.17	2	2.01	2.01	0.108	0.0918	0.0339	0
TCGA.BC.A110.01A	0.63	0.158	0	2	2	2	0.0697	0.0885	0	0
TCGA.BC.A112.01A	0.8	0.224	0.0405	2	2	2	0.065	0.159	0.00302	0.00302
TCGA.BC.A216.01A	0.92	0.195	0.232	2	2.01	2.01	0.0905	0.105	0.0132	0.00283
TCGA.BC.A217.01A	0.9	0.544	0.123	4	3.94	3.95	0.323	0.221	0	0
TCGA.BC.A3KF.01A	0.81	0.302	0.23	2	1.79	1.83	0.0424	0.26	0.0645	0.0017
TCGA.BC.A3KG.01A	0.95	0.329	0.258	2	1.95	1.95	0.142	0.187	0.0721	0
TCGA.BC.A5W4.01A	0.97	0.548	0.318	4	3.6	3.61	0.15	0.398	0	0.00759
TCGA.BC.A69H.01A	0.83	0.597	0.283	4	3.95	3.96	0.203	0.394	0	0
TCGA.BC.A69I.01A	0.76	0.47	0.0073	2	2.02	2.02	0.238	0.232	0	0
TCGA.BC.A8YO.01A	0.89	0.146	0.28	2	1.92	1.93	0.0337	0.113	0.0395	0
TCGA.BD.A2L6.01A	0.86	0.275	0.432	4	4.12	4.1	0.165	0.11	0	0
TCGA.BD.A3EP.01A	0.46	0.321	0.041	2	1.99	1.99	0.0888	0.232	0	0
TCGA.BD.A3ER.01A	0.23	0.0629	0.548	2	2.12	2.03	0.0419	0.021	0.00449	0
TCGA.BW.A5NO.01A	0.79	0.446	0.0282	2	1.91	1.93	0.146	0.3	0.00314	0
TCGA.BW.A5NP.01A	0.86	0.507	0.141	2	1.95	1.95	0.209	0.298	0.0268	0
TCGA.BW.A5NQ.01A	0.13	0.423	0.58	2	2.27	2.04	0.258	0.164	0.111	0.0528
TCGA.CC.5258.01A	0.71	0.308	0.0894	2	1.9	1.93	0.0636	0.244	0.0206	0.00515
TCGA.CC.5260.01A	0.61	0.369	0.292	4	3.69	3.81	0.0734	0.296	0	0
TCGA.CC.5261.01A	0.55	0.695	0.136	2	2.1	2.06	0.298	0.397	0	0.0252
TCGA.CC.5262.01A	0.27	0.0154	0.375	2	2.02	2.01	0.00577	0.00962	0.00385	0
TCGA.CC.5263.01A	0.8	0.287	0.228	2	1.82	1.86	0.0482	0.239	0.0655	0
TCGA.CC.5264.01A	0.92	0.496	0.54	4	3.38	3.43	0.0675	0.429	0	0
TCGA.CC.A1HT.01A	0.27	0.11	0.315	2	2	2	0.0368	0.0736	0.00409	0.0245
TCGA.CC.A3M9.01A	0.26	0.227	0.339	2	1.98	1.99	0.0828	0.144	0.0256	0.0237
TCGA.CC.A3MA.01A	0.79	0.422	0.122	2	1.85	1.89	0.132	0.29	0.0382	0
TCGA.CC.A3MB.01A	0.83	0.498	0.32	4	3.77	3.81	0.136	0.362	0	0
TCGA.CC.A3MC.01A	0.67	0.341	0.261	2	2.1	2.07	0.148	0.193	0.00135	0.0135
TCGA.CC.A5UC.01A	0.16	0.406	0.424	2	1.97	2	0.0922	0.314	0.0881	0.0471
TCGA.CC.A5UE.01A	0.92	0.448	0.331	4	3.83	3.85	0.183	0.265	0	0
TCGA.CC.A7IE.01A	0.79	0.273	0.0296	2	1.95	1.96	0.0591	0.214	0	0
TCGA.CC.A7IF.01A	0.87	0.366	0.0881	2	2.02	2.01	0.175	0.192	0.0209	0
TCGA.CC.A7IG.01A	0.84	0.672	0.27	4	3.83	3.86	0.241	0.431	0	0
TCGA.CC.A7IH.01A	0.85	0.38	0.194	2	2.2	2.17	0.231	0.149	0	0.0208
TCGA.CC.A7II.01A	0.82	0.442	0.0658	2	2.05	2.04	0.207	0.235	0.00364	0
TCGA.CC.A7IJ.01A	0.58	0.544	0.0607	2	1.91	1.95	0.186	0.357	0.00388	0.0233
TCGA.CC.A7IK.01A	0.9	0.663	0.158	4	3.74	3.77	0.293	0.37	0	0
TCGA.CC.A7IL.01A	0.91	0.622	0.173	4	3.73	3.75	0.171	0.451	0	0.0102
TCGA.CC.A8HT.01A	0.52	0.127	0.134	2	1.9	1.95	0.0132	0.113	0.017	0
TCGA.CC.A8HU.01A	0.89	0.699	0.0973	2	2.1	2.09	0.32	0.379	0.0227	0
TCGA.CC.A8HV.01A	0.84	0.51	0.408	4	3.6	3.67	0.179	0.33	0	0
TCGA.CC.A9FS.01A	0.78	0.367	0.126	2	1.88	1.9	0.063	0.304	0.00926	0
TCGA.CC.A9FU.01A	0.93	0.45	0.269	4	3.82	3.83	0.138	0.312	0	0.00155
TCGA.CC.A9FV.01A	0.05	0.273	1	2	1.94	2	0.0983	0.174	0.181	0.176
TCGA.CC.A9FW.01A	0.77	0.602	0.441	4	3.54	3.65	0.199	0.402	0	0
TCGA.DD.A113.01A	0.85	0.683	0.5	4	3.82	3.85	0.295	0.388	0	0
TCGA.DD.A114.01A	0.18	0.101	0.408	2	1.92	1.98	0.00283	0.0977	0.0354	0.00425
TCGA.DD.A115.01A	0.82	0.434	0.162	4	3.75	3.79	0.135	0.299	0	0
TCGA.DD.A116.01A	0.73	0.566	0.0789	2	1.84	1.88	0.16	0.406	0.0385	0.00609
TCGA.DD.A118.01A	0.76	0.362	0.0174	2	1.82	1.86	0.0314	0.33	0.00629	0
TCGA.DD.A119.01A	0.73	0.343	0.208	2	2.16	2.12	0.15	0.193	0	0.00193
TCGA.DD.A11A.01A	0.93	0.521	0.212	4	3.91	3.91	0.205	0.316	0	0
TCGA.DD.A11B.01A	0.86	0.37	0.0996	2	1.86	1.88	0.12	0.25	0.0369	0
TCGA.DD.A11C.01A	0.89	0.531	0.154	4	3.95	3.95	0.235	0.296	0	0
TCGA.DD.A11D.01A	0.77	0.329	0	2	2.14	2.11	0.241	0.0875	0	0
TCGA.DD.A1E9.01A	0.63	0.167	0.651	2	2.26	2.17	0.149	0.0186	0	0
TCGA.DD.A1EA.01A	0.73	0.247	0.00826	2	2.13	2.09	0.176	0.0714	0.00204	0
TCGA.DD.A1EB.01A	0.84	0.297	0.108	2	2	2	0.15	0.146	0.014	0.012
TCGA.DD.A1EC.01A	0.2	0.305	0.475	2	2.34	2.07	0.148	0.157	0.0221	0.00681
TCGA.DD.A1ED.01A	0.1	0.208	0.912	2	1.97	2	0.0571	0.151	0.0921	0.0405
TCGA.DD.A1EE.01A	0.86	0.331	0.178	2	2.11	2.1	0.191	0.14	0.0325	0
TCGA.DD.A1EF.01A	0.62	0.65	0.123	2	2.15	2.09	0.293	0.357	0.0225	0.0348
TCGA.DD.A1EG.01A	0.6	0.423	0.399	4	4.15	4.09	0.176	0.247	0	0
TCGA.DD.A1EH.01A	0.87	0.326	0.0864	2	1.95	1.96	0.109	0.217	0.0282	0
TCGA.DD.A1EI.01A	0.48	0.384	0.667	4	3.82	3.92	0.0981	0.286	0	0
TCGA.DD.A1EJ.01A	0.71	0.452	0.351	4	3.94	3.96	0.26	0.192	0	0
TCGA.DD.A1EK.01A	0.85	0.215	0.132	4	3.83	3.85	0.064	0.151	0	0
TCGA.DD.A1EL.01A	0.9	0.385	0.476	4	3.91	3.92	0.147	0.238	0	0
TCGA.DD.A39V.01A	0.74	0.201	0.38	2	2.12	2.09	0.0914	0.11	0.00498	0
TCGA.DD.A39W.01A	0.88	0.191	0	2	2.07	2.06	0.135	0.0561	0	0
TCGA.DD.A39X.01A	0.49	0.45	0.0594	2	2.11	2.05	0.241	0.209	0	0
TCGA.DD.A39Y.01A	0.52	0.476	0.171	2	2.19	2.1	0.226	0.25	0	0.00556
TCGA.DD.A39Z.01A	0.81	0.506	0.113	2	1.84	1.87	0.0428	0.463	0.057	0
TCGA.DD.A3A0.01A	0.73	0.494	0.0836	2	1.86	1.9	0.0628	0.431	0.0314	0
TCGA.DD.A3A1.01A	0.78	0.158	0.277	2	1.92	1.94	0.0408	0.118	0.0423	0
TCGA.DD.A3A2.01A	0.6	0.284	0.181	2	2.06	2.03	0.165	0.119	0	0
TCGA.DD.A3A3.01A	0.74	0.283	0.0634	2	2.25	2.19	0.195	0.0876	0	0
TCGA.DD.A3A4.01A	0.74	0.233	0.0945	2	1.96	1.97	0.11	0.123	0.011	0.011
TCGA.DD.A3A5.01A	0.93	0.193	0.211	2	1.97	1.97	0.071	0.122	0.0196	0
TCGA.DD.A3A6.01A	0.11	0.108	0.869	2	1.99	2	0.0478	0.0602	0.0655	0.0124
TCGA.DD.A3A7.01A	0.82	0.585	0.145	2	2.32	2.26	0.315	0.269	0.00369	0.0185
TCGA.DD.A3A8.01A	0.74	0.467	0.0837	2	2.03	2.02	0.19	0.277	0.00559	0
TCGA.DD.A3A9.01A	0.73	0.507	0.071	2	1.99	1.99	0.213	0.294	0	0.003
TCGA.DD.A4NA.01A	0.8	0.464	0.335	4	3.66	3.73	0.165	0.299	0	0
TCGA.DD.A4NB.01A	0.44	0.286	0.411	4	3.79	3.91	0.0824	0.204	0	0
TCGA.DD.A4ND.01A	0.22	0.496	0.21	2	2.34	2.08	0.375	0.122	0.0247	0
TCGA.DD.A4NE.01A	0.81	0.582	0.122	2	1.93	1.94	0.25	0.333	0.0611	0
TCGA.DD.A4NH.01A	0.5	0.325	0.081	2	2.06	2.03	0.191	0.134	0	0.00658
TCGA.DD.A4NI.01A	0.53	0.32	0.0338	2	2.01	2	0.128	0.192	0	0
TCGA.DD.A4NJ.01A	0.64	0.581	0.341	4	3.91	3.94	0.279	0.302	0	0
TCGA.DD.A4NK.01A	0.81	0.372	0.0769	2	2.22	2.18	0.264	0.108	0	0
TCGA.DD.A4NL.01A	0.46	0.368	0	2	1.99	2	0.157	0.21	0	0
TCGA.DD.A4NN.01A	0.8	0.548	0.176	2	1.91	1.93	0.184	0.364	0.0846	0
TCGA.DD.A4NO.01A	0.69	0.534	0.0217	2	2.16	2.11	0.315	0.219	0	0
TCGA.DD.A4NP.01A	0.18	0.17	0.441	2	2.11	2.02	0.0914	0.0786	0.0219	0.00914
TCGA.DD.A4NQ.01A	0.27	0.0941	0.4	2	1.99	2	0.026	0.068	0.0246	0
TCGA.DD.A4NR.01A	0.74	0.243	0.0222	2	2.07	2.05	0.126	0.117	0	0
TCGA.DD.A4NS.01A	0.77	0.451	0	2	2.01	2.01	0.209	0.241	0	0
TCGA.DD.A4NV.01A	0.6	0.426	0.156	2	2.07	2.04	0.183	0.243	0	0.00832
TCGA.DD.A73A.01A	0.7	0.0924	0.241	2	2.02	2.02	0.0494	0.043	0.00318	0
TCGA.DD.A73B.01A	0.91	0.941	0.13	4	3.74	3.77	0.638	0.303	0	0
TCGA.DD.A73C.01A	0.7	0.25	0.0154	2	1.99	1.99	0.108	0.143	0.00385	0
TCGA.DD.A73D.01A	0.52	0.419	0.512	2	2.68	2.35	0.302	0.118	0	0
TCGA.DD.A73E.01A	0.83	0.558	0.0464	2	2.11	2.09	0.318	0.24	0.0259	0
TCGA.DD.A73F.01A	0.68	0.145	0.0538	2	1.91	1.94	0.0249	0.12	0.00778	0
TCGA.DD.A73G.01A	0.77	0.3	0.107	2	1.93	1.95	0.0639	0.236	0.00609	0.0167
TCGA.DD.AA3A.01A	0.81	0.449	0.254	2	1.85	1.88	0.0867	0.363	0.069	0.00642
TCGA.DD.AAC8.01A	0.92	0.551	0.128	2	1.89	1.9	0.0984	0.452	0.0311	0
TCGA.DD.AAC9.01A	0.5	0.159	0.231	2	2.09	2.05	0.0837	0.0755	0	0
TCGA.DD.AACA.01A	0.9	0.193	0.445	4	4.06	4.05	0.112	0.0813	0	0
TCGA.DD.AACA.02A	0.95	0.285	0.0118	2	2.05	2.05	0.137	0.147	0	0
TCGA.DD.AACB.01A	0.8	0.748	0.212	4	3.38	3.5	0.0927	0.656	0	0
TCGA.DD.AACC.01A	0.23	0.177	0.25	2	1.97	1.99	0.0574	0.12	0.0279	0
TCGA.DD.AACD.01A	0.67	0.38	0.0889	2	2.18	2.12	0.194	0.186	0	0.00169
TCGA.DD.AACE.01A	0.76	0.336	0.164	2	2.26	2.2	0.224	0.112	0	0.00344
TCGA.DD.AACF.01A	0.95	0.395	0.573	4	4.29	4.27	0.242	0.153	0	0
TCGA.DD.AACG.01A	0.88	0.544	0.297	4	4.04	4.03	0.321	0.223	0	0
TCGA.DD.AACH.01A	0.76	0.661	0.0787	2	1.96	1.97	0.28	0.381	0.0487	0
TCGA.DD.AACI.01A	0.66	0.399	0.422	4	3.95	3.96	0.126	0.273	0	0
TCGA.DD.AACJ.01A	0.54	0.441	0.406	2	2.57	2.31	0.33	0.111	0	0
TCGA.DD.AACK.01A	0.74	0.0438	0.217	2	2.02	2.01	0.0267	0.0171	0	0.00952
TCGA.DD.AACL.01A	0.21	0.188	0.0729	2	1.7	1.94	0.0215	0.166	0	0
TCGA.DD.AACM.01A	0.64	0.246	0.216	2	1.95	1.97	0.0668	0.179	0.0472	0.00196
TCGA.DD.AACN.01A	0.77	0.483	0.284	4	3.79	3.84	0.178	0.305	0	0
TCGA.DD.AACO.01A	0.89	0.206	0.312	2	1.89	1.9	0.0302	0.175	0.0547	0
TCGA.DD.AACP.01A	0.89	0.547	0.28	4	3.57	3.62	0.116	0.431	0	0.00178
TCGA.DD.AACQ.01A	0.97	0.22	0.228	2	1.96	1.96	0.102	0.118	0.0501	0
TCGA.DD.AACS.01A	0.96	0.324	0.565	4	3.9	3.9	0.136	0.188	0	0.00339
TCGA.DD.AACT.01A	0.57	0.32	0.0805	2	2.35	2.2	0.243	0.0774	0	0
TCGA.DD.AACU.01A	0.81	0.362	0.432	4	3.54	3.63	0.061	0.301	0	0
TCGA.DD.AACV.01A	0.98	0.19	0.132	2	2	2	0.103	0.0877	0.01	0
TCGA.DD.AACW.01A	0.93	0.245	0.361	2	1.91	1.92	0.0904	0.155	0.0884	0
TCGA.DD.AACX.01A	0.93	0.164	0.0909	2	1.99	1.99	0.084	0.0802	0.0149	0
TCGA.DD.AACY.01A	0.81	0.656	0.069	2	2.04	2.04	0.218	0.438	0.0103	0
TCGA.DD.AACZ.01A	0.62	0.567	0.401	4	3.79	3.87	0.174	0.393	0	0
TCGA.DD.AAD0.01A	0.98	0.188	0.0952	2	2.06	2.05	0.128	0.0605	0.0179	0
TCGA.DD.AAD1.01A	0.37	0.263	0.236	2	2.16	2.06	0.154	0.109	0.00214	0
TCGA.DD.AAD2.01A	0.35	0.136	0.819	2	2.33	2.12	0.117	0.0189	0	0
TCGA.DD.AAD3.01A	0.62	0.327	0.128	2	1.87	1.92	0.0858	0.242	0.0339	0
TCGA.DD.AAD5.01A	0.72	0.442	0.383	4	4.3	4.22	0.257	0.185	0	0
TCGA.DD.AAD6.01A	0.94	0.293	0.324	2	2.02	2.02	0.143	0.149	0.0926	0
TCGA.DD.AAD8.01A	0.98	0.333	0.155	2	1.88	1.88	0.0981	0.235	0.0514	0
TCGA.DD.AADA.01A	0.74	0.329	0.233	2	2.09	2.07	0.187	0.141	0.0325	0
TCGA.DD.AADB.01A	0.61	0.327	0.218	2	1.85	1.91	0.0956	0.231	0.04	0
TCGA.DD.AADC.01A	0.67	0.541	0.114	2	1.91	1.94	0.189	0.352	0.0164	0.0266
TCGA.DD.AADF.01A	0.9	0.469	0.214	4	4.19	4.17	0.172	0.297	0	0
TCGA.DD.AADG.01A	0.88	0.251	0.508	4	4.14	4.12	0.156	0.0952	0	0
TCGA.DD.AADI.01A	0.74	0.229	0.347	2	2.01	2.01	0.0835	0.146	0.035	0
TCGA.DD.AADJ.01A	0.87	0.169	0.231	2	1.94	1.95	0.0612	0.108	0.039	0
TCGA.DD.AADK.01A	0.25	0.206	0.376	2	2.18	2.04	0.0794	0.127	0.0189	0.00189
TCGA.DD.AADL.01A	0.87	0.495	0.243	4	3.63	3.68	0.128	0.367	0	0
TCGA.DD.AADM.01A	0.85	0.331	0.154	4	4.26	4.22	0.176	0.155	0	0
TCGA.DD.AADN.01A	0.65	0.646	0.449	4	3.89	3.93	0.145	0.501	0	0
TCGA.DD.AADO.01A	0.76	0.546	0.174	2	1.88	1.91	0.176	0.37	0.0531	0
TCGA.DD.AADP.01A	0.77	0.327	0.283	2	1.86	1.89	0.105	0.222	0.0903	0
TCGA.DD.AADQ.01A	0.88	0.283	0.439	2	2.12	2.1	0.138	0.145	0.00862	0
TCGA.DD.AADR.01A	0.57	0.42	0.235	2	1.87	1.92	0.107	0.313	0.0964	0
TCGA.DD.AADS.01A	0.67	0.147	0.0143	2	2.08	2.06	0.111	0.0356	0.0021	0
TCGA.DD.AADU.01A	0.62	0.608	0.426	2	2.64	2.39	0.443	0.165	0	0
TCGA.DD.AADV.01A	0.9	0.284	0.12	2	1.82	1.83	0.0269	0.257	0.0341	0
TCGA.DD.AADW.01A	0.88	0.384	0.11	2	1.95	1.95	0.162	0.222	0.038	0
TCGA.DD.AADY.01A	0.93	0.411	0.523	2	1.73	1.75	0.0638	0.347	0.215	0
TCGA.DD.AAE0.01A	0.79	0.627	0.279	4	3.88	3.91	0.191	0.436	0	0
TCGA.DD.AAE1.01A	0.88	0.445	0.212	2	2	2	0.26	0.185	0.0434	0
TCGA.DD.AAE2.01A	0.78	0.183	0.287	2	1.86	1.89	0.0273	0.156	0.0526	0
TCGA.DD.AAE3.01A	0.84	0.629	0.322	4	4.48	4.4	0.405	0.224	0	0
TCGA.DD.AAE4.01A	0.75	0.483	0	2	1.96	1.97	0.272	0.212	0	0
TCGA.DD.AAE6.01A	0.99	0.467	0.12	4	4.44	4.44	0.345	0.122	0	0.00244
TCGA.DD.AAE7.01A	0.6	0.0824	0.0698	2	1.98	1.99	0.0268	0.0556	0	0
TCGA.DD.AAE8.01A	0.49	0.455	0.123	2	1.8	1.9	0.139	0.316	0.0395	0.00624
TCGA.DD.AAE9.01A	0.76	0.559	0.212	2	2.3	2.23	0.346	0.213	0	0.0563
TCGA.DD.AAEA.01A	0.2	0.247	0.342	2	2.04	2.01	0.115	0.132	0.0153	0
TCGA.DD.AAEB.01A	0.87	0.262	0.0163	2	2.09	2.08	0.164	0.0979	0.00426	0
TCGA.DD.AAED.01A	0.95	0.379	0.421	4	3.67	3.69	0.128	0.251	0	0
TCGA.DD.AAEE.01A	0.9	0.366	0.431	4	3.84	3.85	0.139	0.227	0	0
TCGA.DD.AAEG.01A	0.78	0.393	0.154	2	2.16	2.12	0.197	0.197	0.00378	0
TCGA.DD.AAEH.01A	0.63	0.226	0.084	2	2.03	2.02	0.121	0.104	0	0
TCGA.DD.AAEI.01A	0.75	0.197	0.221	2	2.07	2.05	0.12	0.0768	0.0104	0
TCGA.DD.AAEK.01A	0.57	0.413	0.514	4	3.72	3.84	0.0491	0.363	0	0
TCGA.DD.AAVP.01A	0.85	0.234	0.194	2	1.96	1.97	0.0853	0.149	0.02	0
TCGA.DD.AAVQ.01A	0.5	0.391	0.742	4	3.77	3.88	0.0905	0.3	0	0
TCGA.DD.AAVR.01A	0.47	0.307	0.275	2	2.14	2.06	0.197	0.11	0.0238	0
TCGA.DD.AAVS.01A	0.79	0.43	0.104	2	2	2	0.211	0.219	0.00426	0
TCGA.DD.AAVU.01A	0.98	0.403	0.309	4	3.43	3.44	0.0422	0.361	0	0.0506
TCGA.DD.AAVV.01A	0.4	0.314	0.276	2	2.23	2.09	0.134	0.181	0	0.00181
TCGA.DD.AAVW.01A	0.56	0.308	0.274	2	1.91	1.95	0.0727	0.236	0.0432	0.0157
TCGA.DD.AAVX.01A	0.71	0.319	0.102	2	2.09	2.07	0.127	0.192	0	0.0096
TCGA.DD.AAVY.01A	0.91	0.341	0.00671	2	2.31	2.28	0.256	0.0847	0	0
TCGA.DD.AAVZ.01A	0.77	0.387	0.121	2	1.95	1.96	0.147	0.24	0.0468	0
TCGA.DD.AAW0.01A	0.47	0.28	0.78	4	3.91	3.96	0.111	0.169	0	0
TCGA.DD.AAW1.01A	0.7	0.241	0.135	2	2.1	2.07	0.164	0.0768	0	0
TCGA.DD.AAW2.01A	0.96	0.3	0.651	4	4.53	4.51	0.24	0.0596	0	0.00181
TCGA.DD.AAW3.01A	0.9	0.404	0.324	4	4.19	4.17	0.215	0.188	0	0
TCGA.ED.A459.01A	0.65	0.433	0.095	2	1.85	1.9	0.139	0.294	0.0238	0
TCGA.ED.A4XI.01A	0.18	0.108	0.25	2	2	2	0.0437	0.0644	0.0125	0.00832
TCGA.ED.A5KG.01A	0.08	0.366	0.988	2	2.02	2	0.188	0.178	0.266	0.079
TCGA.ED.A627.01A	0.52	0.0805	0	2	2	2	0.0537	0.0268	0	0
TCGA.ED.A66X.01A	0.24	0.449	0.318	2	2.41	2.1	0.291	0.158	0.0361	0
TCGA.ED.A7PX.01A	0.72	0.484	0.311	4	3.52	3.65	0.117	0.367	0	0
TCGA.ED.A7PY.01A	0.92	0.409	0.202	4	3.92	3.93	0.157	0.252	0	0
TCGA.ED.A7PZ.01A	0.92	0.72	0.235	4	3.95	3.96	0.351	0.368	0	0
TCGA.ED.A7XO.01A	0.25	0.198	0.264	2	1.9	1.97	0.0689	0.13	0.0246	0
TCGA.ED.A7XP.01A	0.79	0.291	0.158	2	2	2	0.11	0.182	0.0188	0
TCGA.ED.A82E.01A	0.86	0.301	0.507	4	3.6	3.66	0.0198	0.281	0	0
TCGA.ED.A8O5.01A	0.87	0.391	0.132	2	1.94	1.95	0.162	0.229	0.0477	0
TCGA.ED.A8O6.01A	0.81	0.593	0.0372	2	2.06	2.05	0.263	0.329	0.00679	0.0034
TCGA.ED.A97K.01A	0.5	0.393	0.141	2	2.06	2.03	0.185	0.207	0	0.0414
TCGA.EP.A12J.01A	0.88	0.18	0.168	2	2.01	2.01	0.0875	0.0926	0.0269	0
TCGA.EP.A26S.01A	0.98	0.165	0.439	4	4.09	4.09	0.104	0.0606	0	0.00433
TCGA.EP.A2KA.01A	0.62	0.45	0.151	2	2.1	2.06	0.248	0.202	0.018	0.018
TCGA.EP.A2KB.01A	0.85	0.445	0.012	2	1.82	1.85	0.129	0.317	0.00537	0
TCGA.EP.A2KC.01A	0.78	0.4	0.12	2	2.06	2.05	0.125	0.274	0.0161	0
TCGA.EP.A3JL.01A	0.54	0.563	0.113	2	2.26	2.14	0.268	0.295	0	0.0169
TCGA.EP.A3RK.01A	0.24	0.0755	0.422	2	2.08	2.02	0.0302	0.0453	0.00671	0
TCGA.ES.A2HS.01A	0.85	0.293	0.117	2	1.9	1.91	0.0655	0.228	0.00298	0
TCGA.ES.A2HT.01A	0.55	0.364	0.0857	2	2.14	2.08	0.133	0.231	0.0121	0
TCGA.FV.A23B.01A	0.87	0.347	0.34	4	3.9	3.91	0.133	0.215	0	0
TCGA.FV.A2QQ.01A	0.58	0.37	0.234	4	3.91	3.95	0.112	0.258	0	0
TCGA.FV.A2QR.01A	0.84	0.347	0.228	2	1.98	1.99	0.149	0.199	0.0355	0
TCGA.FV.A3I0.01A	0.9	0.749	0.284	4	3.83	3.85	0.423	0.325	0	0
TCGA.FV.A3I1.01A	0.67	0.353	0.208	2	1.91	1.94	0.129	0.224	0.0161	0.0412
TCGA.FV.A3R2.01A	0.79	0.461	0.0455	2	2.06	2.05	0.269	0.192	0.021	0
TCGA.FV.A3R3.01A	0.23	0.281	0.11	2	1.94	1.99	0.0799	0.201	0.00907	0
TCGA.FV.A495.01A	0.55	0.42	0.0736	2	1.96	1.98	0.1	0.32	0.0145	0
TCGA.FV.A496.01A	0.97	0.482	0.143	4	3.59	3.61	0.0984	0.384	0	0.00197
TCGA.FV.A4ZP.01A	0.73	0.309	0.25	2	2.14	2.1	0.114	0.195	0.0175	0.00175
TCGA.FV.A4ZQ.01A	0.67	0.489	0.129	2	2.08	2.05	0.142	0.347	0.0122	0
TCGA.G3.A25S.01A	0.85	0.62	0.204	4	3.77	3.81	0.226	0.394	0	0
TCGA.G3.A25T.01A	0.73	0.382	0.0152	2	1.87	1.91	0.0986	0.283	0.00464	0.00116
TCGA.G3.A25U.01A	0.96	0.399	0.284	4	3.97	3.97	0.153	0.246	0	0.00151
TCGA.G3.A25V.01A	0.46	0.252	0	2	1.99	2	0.0676	0.184	0	0
TCGA.G3.A25W.01A	0.24	0.13	0.191	2	2	2	0.0527	0.0776	0.00293	0
TCGA.G3.A25Y.01A	0.73	0.27	0.0877	2	1.86	1.9	0.0552	0.215	0.00631	0.00158
TCGA.G3.A25Z.01A	0.85	0.264	0.1	4	3.86	3.88	0.0435	0.221	0	0
TCGA.G3.A3CG.01A	0.55	0.415	0.0575	2	1.99	2	0.125	0.29	0	0.00919
TCGA.G3.A3CH.01A	0.68	0.135	0.0116	2	1.92	1.95	0.0203	0.114	0.00156	0
TCGA.G3.A3CI.01A	0.87	0.106	0	2	2	2	0.048	0.0583	0	0
TCGA.G3.A3CJ.01A	0.79	0.291	0.0331	2	2.15	2.12	0.22	0.0713	0	0
TCGA.G3.A3CK.01A	0.69	0.449	0	2	2.01	2.01	0.118	0.331	0	0
TCGA.G3.A5SI.01A	0.85	0.498	0.165	2	1.98	1.98	0.256	0.242	0.0513	0
TCGA.G3.A5SM.01A	0.53	0.482	0.0211	2	2.06	2.03	0.26	0.222	0	0
TCGA.G3.A7M5.01A	0.84	0.351	0.35	4	3.76	3.8	0.105	0.246	0	0
TCGA.G3.A7M6.01A	0.72	0.423	0.162	2	2.01	2.01	0.152	0.272	0.0425	0.0259
TCGA.G3.A7M7.01A	0.6	0.447	0.0546	2	2.12	2.07	0.222	0.226	0.00376	0
TCGA.G3.A7M8.01A	0.11	0.228	0.877	2	1.99	2	0.114	0.114	0.133	0.0243
TCGA.G3.A7M9.01A	0.8	0.451	0.555	6	5.46	5.57	0.0535	0.398	0	0
TCGA.G3.AAUZ.01A	0.81	0.378	0.127	2	2.04	2.03	0.206	0.173	0.0204	0
TCGA.G3.AAV0.01A	0.83	0.356	0.0479	2	2.03	2.03	0.186	0.171	0.0171	0
TCGA.G3.AAV1.01A	0.87	0.435	0.26	4	3.93	3.94	0.179	0.256	0	0
TCGA.G3.AAV2.01A	0.85	0.345	0.0909	2	2.07	2.06	0.193	0.152	0.00523	0
TCGA.G3.AAV3.01A	0.26	0.459	0.107	2	2.16	2.04	0.389	0.0697	0.0034	0
TCGA.G3.AAV4.01A	0.92	0.42	0.19	4	3.96	3.96	0.247	0.172	0	0
TCGA.G3.AAV5.01A	0.76	0.359	0.202	2	2.34	2.26	0.291	0.068	0	0
TCGA.G3.AAV6.01A	0.94	0.472	0.11	2	1.73	1.75	0.0874	0.385	0.0522	0
TCGA.G3.AAV7.01A	0.62	0.653	0.0732	2	1.74	1.84	0.181	0.472	0.00598	0
TCGA.GJ.A3OU.01A	0.95	0.417	0.08	2	2.05	2.04	0.178	0.238	0	0
TCGA.GJ.A6C0.01A	0.75	0.175	0.0303	2	1.98	1.99	0.0689	0.106	0.00177	0
TCGA.HP.A5MZ.01A	0.38	0.295	0.119	2	2.14	2.05	0.114	0.181	0	0
TCGA.K7.A5RF.01A	0.07	0.473	0.992	2	1.96	2	0.219	0.254	0.326	0.184
TCGA.K7.A5RG.01A	0.21	0.348	0.176	2	1.86	1.97	0.172	0.175	0.0375	0.00341
TCGA.K7.A6G5.01A	0.58	0.0775	0.133	2	2.09	2.05	0.0448	0.0327	0.00172	0
TCGA.K7.AAU7.01A	0.53	0.367	0.09	2	2.06	2.03	0.123	0.244	0.0128	0
TCGA.KR.A7K0.01A	0.48	0.144	0.207	2	2.05	2.02	0.0896	0.0547	0	0
TCGA.KR.A7K2.01A	0.85	0.549	0.214	4	4.02	4.01	0.191	0.358	0	0
TCGA.KR.A7K7.01A	0.62	0.949	0.348	4	3.05	3.41	0.0806	0.868	0	0
TCGA.KR.A7K8.01A	0.21	0.389	0.295	2	2.01	2	0.17	0.22	0.0517	0
TCGA.LG.A6GG.01A	0.86	0.663	0.123	2	2.34	2.29	0.469	0.194	0.00581	0.00969
TCGA.LG.A9QC.01A	0.79	0.552	0.0395	2	1.89	1.92	0.176	0.376	0.0218	0
TCGA.LG.A9QD.01A	0.7	0.292	0.112	2	2.08	2.06	0.143	0.149	0	0
TCGA.MI.A75C.01A	0.74	0.512	0.1	2	2.09	2.07	0.162	0.35	0.0066	0
TCGA.MI.A75E.01A	0.2	0.034	0.318	2	1.99	2	0.00772	0.0262	0.00926	0.00154
TCGA.MI.A75G.01A	0.6	0.547	0.284	2	2.33	2.2	0.392	0.156	0.0295	0
TCGA.MI.A75H.01A	0.73	0.137	0.5	2	2.04	2.03	0.0698	0.0667	0.00635	0.00159
TCGA.MI.A75I.01A	0.64	0.632	0.143	2	1.91	1.94	0.211	0.422	0.0784	0
TCGA.MR.A520.01A	0.05	0.0162	1	2	2.01	2	0.0162	0	0.00539	0.0108
TCGA.MR.A8JO.01A	0.58	0.427	0.0737	2	2.05	2.03	0.229	0.198	0	0
TCGA.NI.A4U2.01A	0.57	0.374	0.115	2	1.95	1.97	0.136	0.237	0	0
TCGA.NI.A8LF.01A	0.75	0.258	0.0132	2	1.86	1.9	0.0289	0.229	0	0
TCGA.O8.A75V.01A	0.51	0.41	0.292	2	2.26	2.13	0.181	0.229	0.0272	0
TCGA.PD.A5DF.01A	0.67	0.347	0.00885	2	1.94	1.96	0.138	0.209	0	0.00154
TCGA.QA.A7B7.01A	0.84	0.447	0.0945	2	1.83	1.86	0.146	0.301	0.039	0.00325
TCGA.RC.A6M3.01A	0.63	0.471	0.189	4	3.87	3.92	0.131	0.34	0	0
TCGA.RC.A6M4.01A	0.96	0.446	0.205	4	3.8	3.81	0.127	0.32	0	0.00195
TCGA.RC.A6M5.01A	0.15	0.31	0.512	2	1.86	1.98	0.0901	0.22	0.0973	0.0414
TCGA.RC.A6M6.01A	0.74	0.473	0.179	2	1.99	1.99	0.197	0.276	0.0131	0.0432
TCGA.RC.A7S9.01A	0.87	0.386	0.0524	2	2.12	2.1	0.248	0.137	0.0141	0
TCGA.RC.A7SB.01A	0.81	0.223	0.184	2	1.82	1.85	0.0254	0.197	0.041	0
TCGA.RC.A7SF.01A	0.79	0.523	0.176	2	2	2	0.148	0.375	0.0507	0
TCGA.RC.A7SH.01A	0.91	0.491	0.276	2	1.81	1.83	0.124	0.368	0.13	0
TCGA.RC.A7SK.01A	0.8	0.379	0.0435	2	1.89	1.92	0.0939	0.285	0.00329	0
TCGA.RG.A7D4.01A	0.2	0.35	0.473	2	2.38	2.08	0.181	0.169	0.0598	0.00315
TCGA.T1.A6J8.01A	0.81	0.303	0.204	2	1.81	1.84	0.0294	0.274	0.0418	0
TCGA.UB.A7MA.01A	0.86	0.622	0.268	4	4.41	4.35	0.488	0.133	0	0
TCGA.UB.A7MB.01A	0.91	0.368	0	2	1.86	1.87	0.0729	0.295	0	0
TCGA.UB.A7MC.01A	0.95	0.436	0.0234	2	1.85	1.85	0.0598	0.376	0.00292	0
TCGA.UB.A7MD.01A	0.6	0.372	0.0826	2	1.93	1.96	0.0469	0.325	0.0291	0
TCGA.UB.A7ME.01A	0.65	0.468	0.325	2	2.16	2.1	0.232	0.236	0	0.0311
TCGA.UB.A7MF.01A	0.77	0.534	0.0478	2	2.03	2.02	0.259	0.276	0.017	0
TCGA.UB.AA0U.01A	0.59	0.662	0.571	4	3.83	3.9	0.176	0.486	0	0
TCGA.UB.AA0V.01A	0.65	0.323	0	2	2	2	0.18	0.144	0	0
TCGA.WJ.A86L.01A	0.96	0.305	0.21	4	4.03	4.03	0.159	0.146	0	0.00366
TCGA.WQ.A9G7.01A	0.58	0.685	0.676	4	3.52	3.72	0.182	0.503	0	0
TCGA.WQ.AB4B.01A	0.68	0.493	0.0471	2	2.12	2.08	0.266	0.227	0.0196	0
TCGA.WX.AA44.01A	0.66	0.252	0.42	2	2.17	2.11	0.139	0.113	0.00143	0
TCGA.WX.AA46.01A	0.34	0.0601	0.182	2	2.09	2.03	0.0437	0.0164	0	0.00364
TCGA.WX.AA47.01A	0.95	0.277	0.0658	2	2.06	2.06	0.162	0.115	0.0182	0
TCGA.XR.A8TD.01A	0.41	0.266	0.551	2	1.94	1.97	0.102	0.164	0.0753	0.00193
TCGA.XR.A8TE.01A	0.72	0.36	0.108	2	2.17	2.12	0.225	0.135	0	0.0389
TCGA.XR.A8TF.01A	0.97	0.467	0.181	2	1.8	1.81	0.0399	0.427	0.0797	0
TCGA.XR.A8TG.01A	0.9	0.293	0.351	4	3.99	3.99	0.118	0.175	0	0
TCGA.YA.A8S7.01A	0.51	0.632	0.726	4	3.83	3.91	0.205	0.427	0	0
TCGA.ZP.A9CY.01A	0.65	0.359	0.0478	2	2.01	2.01	0.184	0.175	0.00172	0
TCGA.ZP.A9CZ.01A	0.66	0.303	0.0828	2	1.89	1.93	0.0618	0.241	0.0116	0.00965
TCGA.ZP.A9D0.01A	0.71	0.615	0.108	2	1.93	1.95	0.285	0.33	0.0402	0
TCGA.ZP.A9D1.01A	0.59	0.683	0.457	4	3.82	3.89	0.259	0.425	0	0
TCGA.ZP.A9D2.01A	0.68	0.415	0.259	2	1.86	1.91	0.099	0.316	0.0278	0.0694
TCGA.ZS.A9CD.01A	0.16	0.268	0.478	2	2.35	2.06	0.0956	0.172	0.041	0.0239
TCGA.ZS.A9CE.01A	0.92	0.256	0.297	4	3.91	3.92	0.0972	0.159	0	0
TCGA.ZS.A9CF.01A	0.96	0.401	0.0586	2	1.95	1.95	0.199	0.202	0.0217	0
TCGA.ZS.A9CF.02A	0.99	0.391	0.268	4	3.94	3.94	0.163	0.228	0	0.0294
TCGA.ZS.A9CG.01A	0.75	0.369	0.0974	2	2.12	2.09	0.222	0.148	0.00379	0.0322
