sampleid	purity	PC	PoP	Euploidy	pl.tumor	pl.overall	%amp	%del	%del.loh	%cn.loh
TCGA.4C.A93U.01A	0.8	0.161	0.173	2	2.01	2.01	0.051	0.11	0.00164	0
TCGA.BJ.A0YZ.01A	0.26	0.0187	0.154	2	1.99	2	0.00288	0.0158	0.00288	0
TCGA.BJ.A0Z0.01A	0.97	0.113	0.194	2	1.97	1.97	0.0366	0.0768	0.0219	0
TCGA.BJ.A0Z2.01A	0.74	0.518	0	2	1.99	2	0.281	0.236	0	0
TCGA.BJ.A0Z3.01A	0.7	0.0414	0	2	2	2	0	0.0414	0	0
TCGA.BJ.A0Z5.01A	0.47	0.159	0.197	2	1.99	2	0.0614	0.0977	0	0.0313
TCGA.BJ.A0ZA.01A	0.12	0.193	0.672	2	1.98	2	0.0372	0.155	0.0599	0.0291
TCGA.BJ.A0ZB.01A	0.99	0.226	0	2	2	2	0.0872	0.138	0	0
TCGA.BJ.A0ZC.01A	0.66	0.176	0	2	1.98	1.98	0.0459	0.13	0	0
TCGA.BJ.A0ZE.01A	0.07	0.573	0.589	2	1.67	1.98	0.0804	0.492	0.255	0.0765
TCGA.BJ.A0ZG.01A	0.7	0.168	0	2	1.99	1.99	0.0404	0.128	0	0
TCGA.BJ.A0ZH.01A	0.96	0.311	0	2	1.99	1.99	0.128	0.183	0	0
TCGA.BJ.A0ZJ.01A	0.16	0.0363	0.333	2	2.01	2	0.0363	0	0.00605	0.00202
TCGA.BJ.A18Y.01A	0.13	0.195	0.607	2	1.92	1.99	0.0889	0.106	0.0575	0.0366
TCGA.BJ.A18Z.01A	0.52	0.169	0.00847	2	1.99	2	0.0557	0.113	0	0.00143
TCGA.BJ.A190.01A	0.92	0.526	0.326	2	1.69	1.72	0.00664	0.519	0.166	0.00531
TCGA.BJ.A191.01A	0.62	0.487	0	2	2	2	0.226	0.261	0	0
TCGA.BJ.A192.01A	0.84	0.248	0.0236	2	2.04	2.03	0.133	0.115	0.00586	0
TCGA.BJ.A28R.01A	0.82	0.208	0	2	2	2	0.104	0.104	0	0
TCGA.BJ.A28S.01A	0.54	0.0166	0	2	2	2	0.00755	0.00906	0	0
TCGA.BJ.A28T.01A	0.7	0.335	0	2	2	2	0.167	0.169	0	0
TCGA.BJ.A28V.01A	0.11	0.143	0.893	2	2	2	0.0767	0.0664	0.0784	0.0256
TCGA.BJ.A28W.01A	0.62	0.418	0	2	2	2	0.189	0.228	0	0
TCGA.BJ.A28X.01A	0.19	0.0276	0.0667	2	1.99	2	0	0.0276	0	0.00184
TCGA.BJ.A28Z.01A	0.46	0.121	0.0152	2	2	2	0.0716	0.0495	0.00183	0
TCGA.BJ.A290.01A	0.48	0.0883	0.61	2	2.13	2.06	0.0853	0.00299	0	0
TCGA.BJ.A291.01A	0.6	0.477	0	2	2	2	0.217	0.26	0	0
TCGA.BJ.A2N7.01A	0.76	0.165	0	2	2	2	0.0717	0.093	0	0
TCGA.BJ.A2N8.01A	0.9	0.0806	0	2	2	2	0.0368	0.0438	0	0
TCGA.BJ.A2N9.01A	0.86	0.475	0.266	2	2.23	2.2	0.277	0.198	0.00377	0.0659
TCGA.BJ.A2NA.01A	0.99	0.0407	0	2	2	2	0.0119	0.0288	0	0
TCGA.BJ.A2P4.01A	0.91	0.0151	0.667	2	1.98	1.99	0	0.0151	0.0101	0
TCGA.BJ.A3EZ.01A	0.9	0.0743	0	2	2	2	0.0405	0.0338	0	0
TCGA.BJ.A3F0.01A	0.72	0.131	0.147	2	1.93	1.95	0.0314	0.0995	0.0192	0
TCGA.BJ.A3PR.01A	0.87	0.152	0	2	2	2	0.0654	0.0866	0	0
TCGA.BJ.A3PT.01A	0.2	0.0964	0.185	2	1.99	2	0.0482	0.0482	0.00714	0.00357
TCGA.BJ.A3PU.01A	0.71	0.232	0	2	1.99	2	0.0614	0.17	0	0
TCGA.BJ.A45C.01A	0.94	0.37	0.0378	2	1.97	1.98	0.193	0.177	0.014	0
TCGA.BJ.A45D.01A	0.58	0.246	0.0153	2	1.99	1.99	0.135	0.111	0.00376	0
TCGA.BJ.A45E.01A	0.22	0.833	0.0112	2	1.6	1.91	0.0574	0.775	0.00775	0
TCGA.BJ.A45F.01A	0.7	0.516	0	2	2.01	2	0.289	0.227	0	0
TCGA.BJ.A45G.01A	0.8	0.333	0	2	2	2	0.181	0.153	0	0
TCGA.BJ.A45H.01A	0.8	0.277	0	2	2	2	0.157	0.12	0	0
TCGA.BJ.A45I.01A	0.73	0.411	0	2	2	2	0.207	0.204	0	0
TCGA.BJ.A45J.01A	0.66	0.405	0	2	2	2	0.187	0.218	0	0
TCGA.BJ.A45K.01A	0.55	0.00149	0	2	2	2	0	0.00149	0	0
TCGA.BJ.A4O8.01A	0.34	0.523	0.0056	2	1.96	1.99	0.0732	0.449	0	0
TCGA.BJ.A4O9.01A	0.98	0.157	0.05	2	1.99	1.99	0.0591	0.0984	0.00787	0
TCGA.CE.A13K.01A	0.59	0.115	0	2	2	2	0.0609	0.0543	0	0
TCGA.CE.A27D.01A	0.99	0.161	0	2	2	2	0.0926	0.0686	0	0
TCGA.CE.A3MD.01A	0.51	0.0712	0	2	2	2	0.0125	0.0587	0	0
TCGA.CE.A3ME.01A	0.67	0.0288	0	2	2	2	0.0036	0.0252	0	0
TCGA.CE.A481.01A	0.58	0.182	0	2	1.99	1.99	0.0495	0.133	0	0
TCGA.CE.A482.01A	0.84	0.343	0	2	2	2	0.181	0.162	0	0
TCGA.CE.A483.01A	0.99	0.0362	0	2	2	2	0.0126	0.0236	0	0
TCGA.CE.A484.01A	0.93	0.162	0.0408	2	1.99	1.99	0.0877	0.0745	0.00662	0
TCGA.DE.A0XZ.01A	0.83	0.261	0	2	1.98	1.98	0.0944	0.167	0	0
TCGA.DE.A0Y2.01A	0.64	0.39	0	2	2	2	0.195	0.195	0	0
TCGA.DE.A3KN.01A	0.76	0.0248	0.0625	2	1.98	1.98	0	0.0248	0.00155	0
TCGA.DE.A4M8.01A	0.16	0.201	0.496	2	2	2	0.0981	0.103	0.0169	0.0237
TCGA.DE.A4M9.01A	0.82	0.00169	0	2	2	2	0	0.00169	0	0
TCGA.DE.A4MA.01A	0.67	0.392	0	2	2	2	0.187	0.204	0	0
TCGA.DE.A4MB.01A	0.51	0.248	0.151	2	2.05	2.03	0.101	0.147	0	0
TCGA.DE.A4MC.01A	0.99	0.138	0.567	4	4.06	4.06	0.073	0.0651	0	0
TCGA.DE.A4MD.01A	0.9	0.459	0.0109	2	2.01	2.01	0.26	0.199	0.00501	0
TCGA.DE.A4MD.06A	0.13	0.0885	0.472	2	1.93	1.99	0.0284	0.0601	0.02	0.00835
TCGA.DE.A69J.01A	0.11	0.0995	0.75	2	1.97	2	0.0199	0.0796	0.0448	0.0166
TCGA.DE.A69K.01A	0.56	0.483	0	2	2	2	0.205	0.278	0	0
TCGA.DE.A7U5.01A	0.72	0.307	0	2	2	2	0.149	0.158	0	0
TCGA.DJ.A13L.01A	0.2	0.169	0.22	2	1.95	1.99	0.0694	0.0998	0.0135	0.00677
TCGA.DJ.A13M.01A	0.92	0.216	0.0381	2	1.99	1.99	0.107	0.109	0.00825	0
TCGA.DJ.A13O.01A	0.66	0.171	0	2	1.99	1.99	0.0263	0.145	0	0
TCGA.DJ.A13P.01A	0.82	0.388	0.0588	2	1.96	1.97	0.179	0.209	0.0228	0
TCGA.DJ.A13R.01A	0.74	0.0748	0	2	1.99	2	0.0076	0.0672	0	0
TCGA.DJ.A13S.01A	0.91	0.0655	0	2	2	2	0.00491	0.0606	0	0
TCGA.DJ.A13T.01A	0.89	0.452	0.00781	2	1.99	1.99	0.224	0.228	0.00353	0
TCGA.DJ.A13U.01A	0.51	0.318	0.0321	2	2.01	2	0.102	0.216	0	0
TCGA.DJ.A13V.01A	0.94	0.153	0	2	2	2	0.0559	0.0966	0	0
TCGA.DJ.A13W.01A	0.71	0.261	0	2	2	2	0.111	0.15	0	0
TCGA.DJ.A1QD.01A	0.41	0.191	0.026	2	2	2	0.0804	0.11	0	0.00495
TCGA.DJ.A1QE.01A	0.51	0.0059	0	2	2	2	0	0.0059	0	0
TCGA.DJ.A1QF.01A	0.1	0.00694	1	2	2	2	0	0.00694	0.00347	0.00174
TCGA.DJ.A1QG.01A	0.8	0.0191	0	2	1.98	1.99	0	0.0191	0	0
TCGA.DJ.A1QH.01A	0.14	0.0376	0.667	2	2	2	0.0215	0.0161	0.0125	0.00358
TCGA.DJ.A1QI.01A	0.11	0.0758	0.833	2	1.99	2	0.0237	0.0521	0.0395	0.00632
TCGA.DJ.A1QL.01A	0.13	0.0682	0.821	2	2	2	0.042	0.0262	0.0332	0.00699
TCGA.DJ.A1QM.01A	0.05	0.0166	1	2	2.01	2	0.0166	0	0.00923	0.00923
TCGA.DJ.A1QN.01A	0.24	0.0426	0.0417	2	1.93	1.98	0	0.0426	0	0
TCGA.DJ.A1QO.01A	0.08	0.375	0.983	2	2.01	2	0.174	0.201	0.332	0.0348
TCGA.DJ.A1QQ.01A	0.99	0.0284	0.188	2	2	2	0.00355	0.0249	0	0.00533
TCGA.DJ.A2PN.01A	0.1	0.14	0.965	2	2.01	2	0.0747	0.0649	0.0877	0.0146
TCGA.DJ.A2PO.01A	0.67	0.0874	0	2	2	2	0.0383	0.0492	0	0
TCGA.DJ.A2PP.01A	0.57	0.0634	0	2	2	2	0.0207	0.0427	0	0
TCGA.DJ.A2PQ.01A	0.91	0.105	0	2	2	2	0.0636	0.0413	0	0
TCGA.DJ.A2PR.01A	0.48	0.112	0.0698	2	2	2	0.0365	0.0756	0	0.00782
TCGA.DJ.A2PS.01A	0.99	0.198	0	2	2	2	0.0731	0.125	0	0
TCGA.DJ.A2PT.01A	0.99	0.018	0	2	2	2	0.00301	0.015	0	0
TCGA.DJ.A2PV.01A	0.05	0.294	1	2	2.04	2	0.166	0.128	0.203	0.166
TCGA.DJ.A2PW.01A	0.59	0.13	0	2	2	2	0.0504	0.0798	0	0
TCGA.DJ.A2PX.01A	0.8	0.396	0	2	2	2	0.204	0.193	0	0
TCGA.DJ.A2PY.01A	0.89	0.0579	0	2	2	2	0	0.0579	0	0
TCGA.DJ.A2PZ.01A	0.1	0.157	0.911	2	2.01	2	0.0892	0.0682	0.0979	0.021
TCGA.DJ.A2Q0.01A	0.72	0.47	0.0174	2	1.77	1.84	0.00163	0.468	0.00816	0
TCGA.DJ.A2Q1.01A	0.12	0.0744	0.796	2	1.99	2	0.0258	0.0486	0.0182	0.0273
TCGA.DJ.A2Q2.01A	0.99	0.22	0	2	1.99	1.99	0.0622	0.158	0	0
TCGA.DJ.A2Q3.01A	0.77	0.342	0	2	2	2	0.148	0.194	0	0
TCGA.DJ.A2Q4.01A	0.1	0.248	0.836	2	2.04	2	0.17	0.0774	0.103	0.058
TCGA.DJ.A2Q5.01A	0.15	0.0115	0.571	2	2	2	0.0082	0.00328	0.00492	0
TCGA.DJ.A2Q6.01A	0.82	0.382	0	2	2	2	0.175	0.207	0	0
TCGA.DJ.A2Q7.01A	0.49	0.263	0.0446	2	1.99	1.99	0.111	0.153	0	0.0117
TCGA.DJ.A2Q8.01A	0.88	0.2	0	2	2	2	0.0744	0.125	0	0
TCGA.DJ.A2Q9.01A	0.99	0.0592	0	2	2	2	0.028	0.0312	0	0
TCGA.DJ.A2QA.01A	0.18	0.132	0.429	2	1.98	2	0.0634	0.0685	0.0291	0.0103
TCGA.DJ.A2QB.01A	0.16	0.0436	0.217	2	1.94	1.99	0.0152	0.0284	0	0.00189
TCGA.DJ.A2QC.01A	0.75	0.457	0	2	2	2	0.243	0.214	0	0
TCGA.DJ.A3UK.01A	0.21	0.0263	0.133	2	1.99	2	0	0.0263	0.00351	0
TCGA.DJ.A3UM.01A	0.11	0.1	0.784	2	2.01	2	0.065	0.0354	0.0492	0.00787
TCGA.DJ.A3UN.01A	0.87	0.0297	0.0476	2	1.99	1.99	0.00425	0.0255	0.00142	0
TCGA.DJ.A3UO.01A	0.54	0.058	0	2	1.98	1.99	0.0199	0.038	0	0
TCGA.DJ.A3UP.01A	0.89	0.545	0.00351	2	1.98	1.98	0.229	0.315	0.00191	0
TCGA.DJ.A3UQ.01A	0.87	0.0242	0	2	2	2	0.00906	0.0151	0	0
TCGA.DJ.A3UR.01A	0.78	0.0432	0	2	2	2	0	0.0432	0	0
TCGA.DJ.A3UU.01A	0.1	0.0737	0.902	2	2.01	2	0.0414	0.0324	0.045	0.00719
TCGA.DJ.A3UV.01A	0.88	0.0372	0	2	2	2	0.00531	0.0319	0	0
TCGA.DJ.A3UW.01A	0.78	0.277	0	2	2	2	0.143	0.134	0	0
TCGA.DJ.A3UX.01A	0.87	0.2	0	2	2	2	0.0725	0.128	0	0
TCGA.DJ.A3UY.01A	0.99	0.0127	0	2	2	2	0.00283	0.00992	0	0
TCGA.DJ.A3UZ.01A	0.13	0.0266	0.625	2	2	2	0.015	0.0116	0.00998	0.00166
TCGA.DJ.A3V0.01A	0.99	0.0982	0	2	2	2	0.0393	0.0589	0	0
TCGA.DJ.A3V2.01A	0.8	0.456	0	2	2	2	0.216	0.24	0	0
TCGA.DJ.A3V3.01A	0.76	0.0636	0	2	2	2	0.0353	0.0283	0	0
TCGA.DJ.A3V4.01A	0.71	0.393	0	2	1.99	2	0.193	0.199	0	0
TCGA.DJ.A3V5.01A	0.14	0.00656	0.75	2	2	2	0	0.00656	0.00164	0.00164
TCGA.DJ.A3V6.01A	0.14	0.167	0.552	2	2.01	2	0.0696	0.0974	0.0504	0.0139
TCGA.DJ.A3V7.01A	0.99	0.064	0	2	2	2	0.0242	0.0398	0	0
TCGA.DJ.A3V8.01A	0.52	0.282	0	2	2	2	0.0936	0.189	0	0
TCGA.DJ.A3V9.01A	0.78	0.375	0	2	2	2	0.144	0.231	0	0
TCGA.DJ.A3VA.01A	0.51	0.0343	0	2	2	2	0.00896	0.0254	0	0
TCGA.DJ.A3VB.01A	0.57	0.138	0	2	1.99	2	0.0491	0.0887	0	0
TCGA.DJ.A3VD.01A	0.99	0.282	0	2	1.99	1.99	0.0971	0.185	0	0
TCGA.DJ.A3VE.01A	0.99	0.0174	0	2	2	2	0.0111	0.00632	0	0
TCGA.DJ.A3VF.01A	0.6	0.266	0	2	2	2	0.129	0.137	0	0
TCGA.DJ.A3VG.01A	0.85	0.0253	0	2	2	2	0	0.0253	0	0
TCGA.DJ.A3VI.01A	0.96	0.0529	0	2	2	2	0.024	0.0288	0	0
TCGA.DJ.A3VJ.01A	0.14	0.0788	0.762	2	2	2	0.0413	0.0375	0.0356	0.0113
TCGA.DJ.A3VK.01A	0.16	0.0385	0.24	2	1.93	1.99	0.00154	0.0369	0.00615	0.00154
TCGA.DJ.A3VL.01A	0.99	0.0522	0	2	2	2	0.00373	0.0485	0	0
TCGA.DJ.A3VM.01A	0.79	0.315	0.0242	2	1.99	1.99	0.18	0.136	0.00765	0
TCGA.DJ.A4UL.01A	0.55	0.444	0	2	2	2	0.209	0.235	0	0
TCGA.DJ.A4UP.01A	0.79	0.374	0	2	2	2	0.2	0.173	0	0
TCGA.DJ.A4UQ.01A	0.8	0.243	0	2	2	2	0.103	0.14	0	0
TCGA.DJ.A4UR.01A	0.79	0.416	0.0413	2	1.95	1.96	0.147	0.269	0.0172	0
TCGA.DJ.A4UT.01A	0.64	0.403	0	2	2.01	2	0.217	0.186	0	0
TCGA.DJ.A4UW.01A	0.79	0.34	0	2	1.99	1.99	0.127	0.212	0	0
TCGA.DJ.A4V0.01A	0.82	0.431	0	2	1.99	1.99	0.199	0.232	0	0
TCGA.DJ.A4V2.01A	0.68	0.39	0	2	2	2	0.201	0.189	0	0
TCGA.DJ.A4V4.01A	0.63	0.314	0	2	2	2	0.155	0.159	0	0
TCGA.DJ.A4V5.01A	0.77	0.369	0	2	2	2	0.187	0.181	0	0
TCGA.DO.A1JZ.01A	0.72	0.446	0	2	2	2	0.215	0.231	0	0
TCGA.DO.A1K0.01A	0.74	0.217	0	2	2	2	0.0695	0.147	0	0
TCGA.DO.A2HM.01B	0.13	0.21	0.604	2	1.99	2	0.107	0.103	0.0812	0.00396
TCGA.E3.A3DY.01A	0.93	0.067	0	2	2	2	0.0176	0.0494	0	0
TCGA.E3.A3DZ.01A	0.7	0.497	0.00791	2	1.99	1.99	0.251	0.246	0.00393	0
TCGA.E3.A3E0.01A	0.13	0.131	0.861	2	1.97	2	0.0346	0.0965	0.0638	0.0255
TCGA.E3.A3E1.01A	0.16	0.057	0.483	2	2.01	2	0.0413	0.0157	0.00982	0.0177
TCGA.E3.A3E2.01A	0.16	0.0186	0.364	2	2	2	0	0.0186	0.00169	0.00338
TCGA.E3.A3E3.01A	0.65	0.551	0	2	2	2	0.262	0.289	0	0
TCGA.E3.A3E5.01A	0.83	0.0652	0	2	1.99	1.99	0.0186	0.0466	0	0
TCGA.E8.A242.01A	0.76	0.341	0	2	2	2	0.154	0.187	0	0
TCGA.E8.A2EA.01A	0.04	0.0137	1	2	2.01	2	0.0137	0	0.00171	0.0137
TCGA.E8.A2JQ.01A	0.83	0.0347	0.0526	2	2	2	0.0128	0.0219	0	0.00183
TCGA.E8.A3X7.01A	0.57	0.0503	0	2	2	2	0.00888	0.0414	0	0
TCGA.E8.A413.01A	0.93	0.274	0	2	2	2	0.122	0.152	0	0
TCGA.E8.A414.01A	0.12	0.0392	0.783	2	2	2	0.00683	0.0324	0.00853	0.0137
TCGA.E8.A415.01A	0.73	0.224	0	2	2	2	0.0989	0.125	0	0
TCGA.E8.A416.01A	0.99	0.074	0	2	2	2	0.034	0.04	0	0
TCGA.E8.A417.01A	0.99	0.00538	0	2	2	2	0	0.00538	0	0
TCGA.E8.A418.01A	0.99	0.0245	0	2	2	2	0.00175	0.0228	0	0
TCGA.E8.A419.01A	0.77	0.103	0	2	2	2	0.0496	0.0533	0	0
TCGA.E8.A432.01A	0.75	0.179	0.0833	2	1.91	1.93	0.0579	0.121	0.0149	0
TCGA.E8.A433.01A	0.76	0.0219	0	2	2	2	0	0.0219	0	0
TCGA.E8.A434.01A	0.89	0.268	0	2	2	2	0.158	0.109	0	0
TCGA.E8.A44K.01A	0.7	0.222	0	2	2	2	0.127	0.0941	0	0
TCGA.E8.A44M.01A	0.99	0.0754	0	2	2	2	0.0368	0.0387	0	0
TCGA.EL.A3CL.01A	0.72	0.113	0	2	1.99	1.99	0.0457	0.0677	0	0
TCGA.EL.A3CM.01A	0.81	0.15	0	2	2	2	0.0572	0.093	0	0
TCGA.EL.A3CN.01A	0.11	0.0852	0.8	2	2	2	0.0358	0.0494	0.0239	0.0273
TCGA.EL.A3CO.01A	0.64	0.00461	0	2	2	2	0	0.00461	0	0
TCGA.EL.A3CP.01A	0.65	0.0827	0	2	2	2	0.0203	0.0623	0	0
TCGA.EL.A3CR.01A	0.55	0.0165	0	2	2	2	0.0015	0.015	0	0
TCGA.EL.A3CS.01A	0.74	0.145	0	2	2	2	0.0615	0.0838	0	0
TCGA.EL.A3CT.01A	0.09	0.29	0.897	2	2	2	0.133	0.157	0.161	0.0523
TCGA.EL.A3CU.01A	0.08	0.146	1	2	2.01	2	0.0877	0.0578	0.0821	0.0354
TCGA.EL.A3CV.01A	0.75	0.0331	0	2	2	2	0.0209	0.0122	0	0
TCGA.EL.A3CW.01A	0.9	0.253	0	2	2	2	0.0869	0.166	0	0
TCGA.EL.A3CX.01A	0.89	0.0443	0.296	2	2	2	0.00821	0.0361	0	0.0131
TCGA.EL.A3CY.01A	0.05	0.00962	1	2	2.01	2	0.00962	0	0.00321	0.00641
TCGA.EL.A3CZ.01A	0.1	0.0727	0.833	2	2	2	0.0329	0.0398	0.0329	0.0138
TCGA.EL.A3D0.01A	0.9	0.419	0.0175	2	1.99	1.99	0.215	0.204	0.00735	0
TCGA.EL.A3D1.01A	0.81	0.234	0.0227	2	1.98	1.99	0.0903	0.143	0.00531	0
TCGA.EL.A3D4.01A	0.82	0.102	0	2	1.99	1.99	0.043	0.0589	0	0
TCGA.EL.A3D5.01A	0.74	0.157	0	2	1.99	1.99	0.0646	0.0923	0	0
TCGA.EL.A3D6.01A	0.79	0.129	0	2	2	2	0.059	0.0698	0	0
TCGA.EL.A3GO.01A	0.84	0.0866	0.204	2	1.96	1.97	0.0159	0.0707	0.0177	0
TCGA.EL.A3GP.01A	0.59	0.272	0.0745	2	1.84	1.9	0.0355	0.236	0.0203	0
TCGA.EL.A3GQ.01A	0.82	0.0376	0	2	1.99	1.99	0.00301	0.0346	0	0
TCGA.EL.A3GR.01A	0.1	0.197	0.91	2	1.99	2	0.0872	0.11	0.108	0.0339
TCGA.EL.A3GS.01A	0.99	0.115	0	2	2	2	0.0372	0.0782	0	0
TCGA.EL.A3GU.01A	0.46	0.147	0.0988	2	2.09	2.04	0.102	0.0455	0	0
TCGA.EL.A3GV.01A	0.15	0.0186	0.2	2	2	2	0.00372	0.0149	0.00186	0.00186
TCGA.EL.A3GW.01A	0.74	0.472	0.00365	2	1.98	1.99	0.233	0.24	0.00172	0
TCGA.EL.A3GX.01A	0.71	0.275	0	2	2	2	0.134	0.141	0	0
TCGA.EL.A3GY.01A	0.99	0.163	0	2	2	2	0.0659	0.0972	0	0
TCGA.EL.A3GZ.01A	0.67	0.0209	0	2	2	2	0	0.0209	0	0
TCGA.EL.A3H1.01A	0.71	0.263	0	2	2	2	0.143	0.12	0	0
TCGA.EL.A3H2.01A	0.84	0.155	0.165	2	1.94	1.95	0.0438	0.111	0.0255	0
TCGA.EL.A3H3.01A	0.69	0.394	0	2	2	2	0.161	0.233	0	0
TCGA.EL.A3H4.01A	0.62	0.241	0	2	2	2	0.102	0.139	0	0
TCGA.EL.A3H5.01A	0.19	0.21	0.277	2	1.98	2	0.0459	0.164	0.0212	0.00883
TCGA.EL.A3H7.01A	0.52	0.135	0	2	2	2	0.0777	0.0573	0	0
TCGA.EL.A3H8.01A	0.85	0.00342	0	2	2	2	0	0.00342	0	0
TCGA.EL.A3MW.01A	0.54	0.0173	0	2	2	2	0.00576	0.0115	0	0
TCGA.EL.A3MX.01A	0.21	0.0266	0.333	2	1.94	1.99	0	0.0266	0.00709	0.00177
TCGA.EL.A3MY.01A	0.62	0.00678	0	2	2	2	0	0.00678	0	0
TCGA.EL.A3MZ.01A	0.58	0.111	0.0167	2	2.03	2.02	0.0573	0.0536	0	0
TCGA.EL.A3N2.01A	0.99	0.0335	0	2	2	2	0.00503	0.0285	0	0
TCGA.EL.A3N3.01A	0.09	0.118	0.912	2	1.99	2	0.0488	0.0697	0.0645	0.0209
TCGA.EL.A3T0.01A	0.39	0.0832	0	2	2	2	0.0548	0.0284	0	0
TCGA.EL.A3T1.01A	0.11	0.0784	0.717	2	1.96	2	0.00681	0.0716	0.0341	0.0119
TCGA.EL.A3T2.01A	0.8	0.0414	0.261	2	1.98	1.99	0.0018	0.0396	0.0108	0
TCGA.EL.A3T3.01A	0.77	0.0552	0	2	2	2	0.0201	0.0351	0	0
TCGA.EL.A3T6.01A	0.7	0.193	0	2	2	2	0.0967	0.0967	0	0
TCGA.EL.A3T7.01A	0.57	0.0129	0	2	2	2	0.00143	0.0114	0	0
TCGA.EL.A3T8.01A	0.62	0.0294	0	2	2	2	0	0.0294	0	0
TCGA.EL.A3T9.01A	0.8	0.204	0.221	2	2.08	2.06	0.128	0.0757	0	0
TCGA.EL.A3TA.01A	0.14	0.0441	0.84	2	2	2	0.0176	0.0265	0.0159	0.0123
TCGA.EL.A3TB.01A	0.15	0.0986	0.529	2	2	2	0.0561	0.0426	0.0251	0.0058
TCGA.EL.A3ZG.01A	0.73	0.0324	0	2	2	2	0.0019	0.0305	0	0
TCGA.EL.A3ZH.01A	0.5	0.401	0.0415	2	2.03	2.02	0.178	0.224	0	0.00556
TCGA.EL.A3ZK.01A	0.19	0.0916	0.204	2	2	2	0.0579	0.0336	0.0112	0.00374
TCGA.EL.A3ZL.01A	0.62	0.0297	0	2	1.98	1.99	0	0.0297	0	0
TCGA.EL.A3ZM.01A	0.46	0.181	0.353	2	2.22	2.1	0.14	0.0407	0	0
TCGA.EL.A3ZN.01A	0.63	0.433	0	2	2	2	0.207	0.225	0	0
TCGA.EL.A3ZO.01A	0.6	0.509	0.0745	2	2.02	2.01	0.244	0.265	0.002	0
TCGA.EL.A3ZP.01A	0.17	0.038	0.19	2	2.01	2	0.0308	0.00725	0	0.00543
TCGA.EL.A3ZQ.01A	0.99	0.0414	0	2	2	2	0.00517	0.0362	0	0
TCGA.EL.A3ZR.01A	0.99	0.433	0	2	1.97	1.97	0.0683	0.364	0	0
TCGA.EL.A3ZS.01A	0.99	0.0665	0	2	2	2	0.028	0.0385	0	0
TCGA.EL.A3ZT.01A	0.12	0.105	0.75	2	1.97	2	0.034	0.0711	0.051	0.0124
TCGA.EL.A4JV.01A	0.12	0.366	0.793	2	1.96	1.99	0.173	0.194	0.201	0.0436
TCGA.EL.A4JW.01A	0.67	0.016	0	2	2	2	0	0.016	0	0
TCGA.EL.A4JX.01A	0.77	0.406	0	2	2	2	0.181	0.225	0	0
TCGA.EL.A4JZ.01A	0.63	0.381	0.0149	2	1.98	1.99	0.178	0.203	0.00568	0
TCGA.EL.A4K0.01A	0.79	0.306	0	2	2	2	0.146	0.159	0	0
TCGA.EL.A4K1.01A	0.74	0.145	0	2	2	2	0.0923	0.053	0	0
TCGA.EL.A4K2.01A	0.68	0.482	0	2	1.99	1.99	0.232	0.25	0	0
TCGA.EL.A4K4.01A	0.66	0.284	0	2	1.99	2	0.105	0.179	0	0
TCGA.EL.A4K6.01A	0.2	0.328	0.199	2	1.68	1.94	0.107	0.222	0.0275	0.00687
TCGA.EL.A4K7.01A	0.99	0.0341	0	2	2	2	0.00813	0.026	0	0
TCGA.EL.A4K9.01A	0.64	0.401	0.00426	2	1.98	1.99	0.102	0.299	0.00171	0
TCGA.EL.A4KD.01A	0.66	0.402	0	2	2	2	0.167	0.235	0	0
TCGA.EL.A4KG.01A	0.1	0.338	0.907	2	2.01	2	0.193	0.145	0.201	0.0495
TCGA.EL.A4KH.01A	0.64	0.457	0	2	2	2	0.226	0.23	0	0
TCGA.EL.A4KI.01A	0.87	0.591	0.102	6	5.58	5.64	0.081	0.51	0	0
TCGA.EM.A1CS.01A	0.72	0.435	0.00389	2	1.98	1.99	0.173	0.262	0.00169	0
TCGA.EM.A1CT.01A	0.12	0.0222	0.75	2	2	2	0.0222	0	0.00556	0.0037
TCGA.EM.A1CU.01A	0.74	0.345	0	2	2	2	0.2	0.146	0	0
TCGA.EM.A1CV.01A	0.87	0.391	0	2	1.99	1.99	0.132	0.259	0	0
TCGA.EM.A1CW.01A	0.99	0.0764	0	2	2	2	0.0306	0.0458	0	0
TCGA.EM.A1YA.01A	0.64	0.243	0	2	2	2	0.0956	0.147	0	0
TCGA.EM.A1YB.01A	0.92	0.126	0.00885	2	1.96	1.96	0.0324	0.0938	0.00112	0
TCGA.EM.A1YC.01A	0.27	0.685	0.0341	2	0.501	1.6	0.0036	0.682	0.0198	0.0036
TCGA.EM.A1YD.01A	0.99	0.434	0	2	2.15	2.14	0.351	0.0823	0	0
TCGA.EM.A1YE.01A	0.82	0.124	0.123	2	1.94	1.95	0.00338	0.12	0.0152	0
TCGA.EM.A22I.01A	0.11	0.17	0.759	2	2.02	2	0.101	0.0682	0.0741	0.0136
TCGA.EM.A22J.01A	0.67	0.544	0	2	2	2	0.287	0.256	0	0
TCGA.EM.A22K.01A	0.94	0.0205	0.385	2	1.99	1.99	0	0.0205	0.0079	0
TCGA.EM.A22L.01A	0.74	0.573	0.00328	2	1.98	1.99	0.301	0.273	0.00188	0
TCGA.EM.A22M.01A	0.27	0.414	0.0289	2	2.06	2.02	0.342	0.0718	0.00171	0
TCGA.EM.A22N.01A	0.23	0.236	0.122	2	1.6	1.91	0.00161	0.234	0.0289	0
TCGA.EM.A22O.01A	0.13	0.509	0.626	2	1.88	1.98	0.209	0.3	0.174	0.0722
TCGA.EM.A22P.01A	0.19	0.128	0.221	2	1.99	2	0.0714	0.0564	0.015	0.00188
TCGA.EM.A2CJ.01A	0.85	0.385	0.0203	2	1.99	1.99	0.223	0.162	0.00781	0
TCGA.EM.A2CK.01A	0.15	0.0463	0.36	2	1.99	2	0.00741	0.0389	0.00185	0.00741
TCGA.EM.A2CL.01A	0.12	0.0477	0.769	2	1.98	2	0.00367	0.044	0.0275	0
TCGA.EM.A2CM.01A	0.81	0.329	0.00524	2	2	2	0.191	0.138	0.00172	0
TCGA.EM.A2CN.01A	0.13	0.132	0.793	2	2	2	0.0616	0.0702	0.063	0.0129
TCGA.EM.A2CO.01A	0.14	0.519	0.478	2	1.9	1.99	0.239	0.28	0.157	0.0227
TCGA.EM.A2CP.01A	0.51	0.0245	0	2	2	2	0.00701	0.0175	0	0
TCGA.EM.A2CQ.01A	0.68	0.0202	0	2	2	2	0	0.0202	0	0
TCGA.EM.A2CS.01A	0.96	0.066	0	2	2	2	0.028	0.038	0	0
TCGA.EM.A2CS.06A	0.93	0.02	0.1	2	2	2	0.002	0.018	0	0.002
TCGA.EM.A2CT.01A	0.9	0.343	0	2	2	2	0.151	0.192	0	0
TCGA.EM.A2OV.01A	0.45	0.0196	0	2	2	2	0.0196	0	0	0
TCGA.EM.A2OW.01A	0.67	0.439	0	2	2	2	0.189	0.25	0	0
TCGA.EM.A2OX.01A	0.17	0.0735	0.271	2	1.98	2	0.0291	0.0444	0.00919	0.00459
TCGA.EM.A2OY.01A	0.9	0.398	0	2	1.88	1.89	0.0658	0.332	0	0
TCGA.EM.A2OZ.01A	0.82	0.0819	0	2	2	2	0.0356	0.0463	0	0
TCGA.EM.A2P0.01A	0.55	0.336	0	2	1.99	2	0.112	0.223	0	0
TCGA.EM.A2P1.01A	0.99	0.0185	0.786	2	2	2	0.00529	0.0132	0	0.0146
TCGA.EM.A2P1.06A	0.6	0.128	0	2	1.99	2	0.036	0.092	0	0
TCGA.EM.A2P2.01A	0.87	0.255	0.00699	2	2	2	0.134	0.121	0.00179	0
TCGA.EM.A2P3.01A	0.73	0.311	0	2	2	2	0.177	0.134	0	0
TCGA.EM.A3AI.01A	0.82	0.294	0.193	2	2.14	2.11	0.138	0.155	0	0
TCGA.EM.A3AJ.01A	0.8	0.185	0	2	2	2	0.0923	0.0923	0	0
TCGA.EM.A3AK.01A	0.93	0.176	0	2	2	2	0.0713	0.105	0	0
TCGA.EM.A3AL.01A	0.99	0.00339	0	2	2	2	0	0.00339	0	0
TCGA.EM.A3AN.01A	0.81	0.138	0	2	2	2	0.0528	0.0856	0	0
TCGA.EM.A3AO.01A	0.13	0.168	0.748	2	2	2	0.0863	0.0814	0.07	0.0195
TCGA.EM.A3AP.01A	0.97	0.0329	0.333	2	1.99	1.99	0.00469	0.0282	0	0.011
TCGA.EM.A3AQ.01A	0.16	0.136	0.419	2	2.01	2	0.0752	0.0606	0.00917	0.0147
TCGA.EM.A3AR.01A	0.66	0.00333	0	2	2	2	0	0.00333	0	0
TCGA.EM.A3FJ.01A	0.99	0.139	0	2	2	2	0.0482	0.0912	0	0
TCGA.EM.A3FK.01A	0.78	0.569	0	2	2	2	0.234	0.335	0	0
TCGA.EM.A3FL.01A	0.85	0.344	0	2	2	2	0.172	0.172	0	0
TCGA.EM.A3FM.01A	0.99	0.147	0	2	2	2	0.0558	0.0911	0	0
TCGA.EM.A3FN.01A	0.21	0.076	0.111	2	1.93	1.99	0.00507	0.0709	0.00507	0
TCGA.EM.A3FO.01A	0.29	0.042	0.167	2	1.99	2	0.0192	0.0227	0.00699	0
TCGA.EM.A3FP.01A	0.63	0.121	0.0164	2	1.99	2	0.0537	0.0676	0.00199	0
TCGA.EM.A3FQ.01A	0.05	0.0152	1	2	2	2	0	0.0152	0.0114	0.0114
TCGA.EM.A3FQ.06A	0.93	0.144	0	2	1.99	2	0.0284	0.116	0	0
TCGA.EM.A3FR.01A	0.72	0.338	0	2	2	2	0.202	0.137	0	0
TCGA.EM.A3O3.01A	0.65	0.145	0.215	2	2.03	2.02	0.0642	0.0807	0.00734	0
TCGA.EM.A3O6.01A	0.69	0.12	0.0149	2	1.99	1.99	0.0627	0.0573	0.00179	0
TCGA.EM.A3O7.01A	0.12	0.00437	0.333	2	2	2	0	0.00437	0	0.00146
TCGA.EM.A3O8.01A	0.91	0.0128	0	2	2	2	0	0.0128	0	0
TCGA.EM.A3O9.01A	0.13	0.526	0.664	2	2.13	2.02	0.412	0.115	0.0526	0.286
TCGA.EM.A3OA.01A	0.17	0.0297	0.375	2	2	2	0.00371	0.026	0	0.00557
TCGA.EM.A3OB.01A	0.86	0.339	0	2	2.02	2.02	0.217	0.122	0	0
TCGA.EM.A3ST.01A	0.98	0.213	0	2	2	2	0.0787	0.135	0	0
TCGA.EM.A3SU.01A	0.52	0.133	0	2	2	2	0.0463	0.0871	0	0
TCGA.EM.A3SU.06A	0.48	0.143	0.105	2	2	2	0.0628	0.0805	0	0.015
TCGA.EM.A3SX.01A	0.64	0.341	0.0258	2	1.98	1.99	0.156	0.185	0.00879	0
TCGA.EM.A3SY.01A	0.78	0.429	0.442	4	3.55	3.65	0.0571	0.372	0	0
TCGA.EM.A3SZ.01A	0.78	0.207	0	2	2	2	0.0842	0.123	0	0
TCGA.EM.A4FF.01A	0.71	0.0384	0	2	2	2	0.00922	0.0292	0	0
TCGA.EM.A4FH.01A	0.99	0.0126	0	2	2	2	0	0.0126	0	0
TCGA.EM.A4FK.01A	0.99	0.0167	0	2	2	2	0	0.0167	0	0
TCGA.EM.A4FM.01A	0.61	0.36	0	2	2	2	0.176	0.184	0	0
TCGA.EM.A4FN.01A	0.35	0.395	0	2	1.96	1.99	0.0119	0.383	0	0
TCGA.EM.A4FO.01A	0.74	0.411	0	2	1.99	1.99	0.197	0.214	0	0
TCGA.EM.A4FQ.01A	0.77	0.53	0	2	2	2	0.238	0.292	0	0
TCGA.EM.A4FR.01A	0.81	0.458	0.0207	2	1.98	1.99	0.216	0.242	0.00947	0
TCGA.EM.A4FU.01A	0.73	0.478	0.0115	2	1.98	1.99	0.24	0.238	0.00549	0
TCGA.EM.A4FV.01A	0.99	0.147	0	2	2	2	0.0436	0.104	0	0
TCGA.EM.A4G1.01A	0.99	0.559	0	2	1.99	1.99	0.239	0.32	0	0
TCGA.ET.A25G.01A	0.99	0.143	0	2	2	2	0.0679	0.0755	0	0
TCGA.ET.A25I.01A	0.67	0.13	0	2	2	2	0.0806	0.0495	0	0
TCGA.ET.A25J.01A	0.8	0.125	0	2	2	2	0.0675	0.0575	0	0
TCGA.ET.A25K.01A	0.12	0.0126	0.75	2	1.99	2	0	0.0126	0.00314	0.00314
TCGA.ET.A25L.01A	0.78	0.497	0.0105	2	1.98	1.98	0.22	0.277	0.00519	0
TCGA.ET.A25M.01A	0.58	0.336	0	2	1.99	1.99	0.132	0.203	0	0
TCGA.ET.A25N.01A	0.05	0	NaN	2	2.01	2	0	0	0	0
TCGA.ET.A25O.01A	0.86	0.413	0	2	1.99	1.99	0.169	0.244	0	0
TCGA.ET.A25P.01A	0.56	0.388	0.0377	2	2.03	2.02	0.189	0.2	0	0
TCGA.ET.A25R.01A	0.99	0.00295	0.5	2	2	2	0	0.00295	0	0.00147
TCGA.ET.A2MX.01A	0.55	0.0041	0	2	2	2	0	0.0041	0	0
TCGA.ET.A2MY.01A	0.68	0.309	0	2	2	2	0.139	0.17	0	0
TCGA.ET.A2MZ.01A	0.08	0.262	0.994	2	1.98	2	0.12	0.142	0.216	0.0314
TCGA.ET.A2N0.01A	0.52	0.00916	0.167	2	2	2	0.00305	0.00611	0	0.00153
TCGA.ET.A2N1.01A	0.66	0.0452	0	2	2	2	0.0166	0.0287	0	0
TCGA.ET.A2N3.01B	0.18	0.00818	0.6	2	2	2	0	0.00818	0.00327	0.00164
TCGA.ET.A2N4.01A	0.83	0.178	0.0891	2	1.97	1.97	0.0757	0.102	0.0158	0
TCGA.ET.A2N5.01A	0.96	0.0849	0	2	2	2	0.0314	0.0535	0	0
TCGA.ET.A39I.01A	0.88	0.237	0	2	2	2	0.118	0.12	0	0
TCGA.ET.A39J.01A	0.76	0.489	0	2	2	2	0.237	0.252	0	0
TCGA.ET.A39K.01A	0.91	0.334	0	2	2	2	0.161	0.173	0	0
TCGA.ET.A39L.01A	0.72	0.375	0	2	2	2	0.184	0.191	0	0
TCGA.ET.A39M.01A	0.82	0.525	0	2	1.99	1.99	0.226	0.299	0	0
TCGA.ET.A39N.01A	0.17	0.553	0.394	2	2.21	2.04	0.257	0.296	0.0535	0.0428
TCGA.ET.A39O.01A	0.69	0.464	0	2	2	2	0.251	0.213	0	0
TCGA.ET.A39P.01A	0.18	0.158	0.577	2	2.18	2.03	0.112	0.0455	0.0197	0.00909
TCGA.ET.A39R.01A	0.99	0.138	0	2	2	2	0.0523	0.0856	0	0
TCGA.ET.A39S.01A	0.8	0.191	0	2	2	2	0.0962	0.0943	0	0
TCGA.ET.A39T.01A	0.77	0.17	0	2	2	2	0.0895	0.08	0	0
TCGA.ET.A3BN.01A	0.86	0.121	0	2	2	2	0.0607	0.0607	0	0
TCGA.ET.A3BO.01A	0.99	0.0133	0	2	2	2	0	0.0133	0	0
TCGA.ET.A3BP.01A	0.77	0.171	0.099	2	1.95	1.96	0.0863	0.0846	0.0169	0
TCGA.ET.A3BQ.01B	0.86	0.198	0	2	2	2	0.0863	0.112	0	0
TCGA.ET.A3BS.01A	0.78	0.0984	0	2	2	2	0.0328	0.0656	0	0
TCGA.ET.A3BT.01A	0.23	0.145	0.205	2	2.03	2.01	0.0761	0.0686	0.0204	0
TCGA.ET.A3BU.01A	0.99	0.119	0	2	2	2	0.0426	0.0762	0	0
TCGA.ET.A3BV.01A	0.12	0.258	0.814	2	1.96	2	0.109	0.149	0.157	0.0221
TCGA.ET.A3BW.01A	0.47	0.00529	0	2	2	2	0	0.00529	0	0
TCGA.ET.A3BX.01A	0.53	0.00142	0	2	2	2	0	0.00142	0	0
TCGA.ET.A3DO.01A	0.1	0.225	0.893	2	2.01	2	0.126	0.0998	0.114	0.0465
TCGA.ET.A3DP.01A	0.12	0.151	0.656	2	2.01	2	0.0779	0.0731	0.0519	0.0227
TCGA.ET.A3DQ.01A	0.23	0.0436	0.25	2	1.99	2	0.00623	0.0374	0.00467	0
TCGA.ET.A3DR.01A	0.68	0.417	0	2	2	2	0.195	0.223	0	0
TCGA.ET.A3DS.01A	0.82	0.182	0.0099	2	2	2	0.0939	0.0884	0.00181	0
TCGA.ET.A3DT.01A	0.07	0.0104	1	2	2	2	0	0.0104	0.00691	0.00345
TCGA.ET.A3DU.01A	0.99	0.27	0	2	2	2	0.0962	0.174	0	0
TCGA.ET.A3DV.01A	0.72	0.112	0	2	2	2	0.051	0.0606	0	0
TCGA.ET.A3DW.01A	0.58	0.197	0	2	2	2	0.0882	0.109	0	0
TCGA.ET.A40Q.01A	0.29	0.00861	0.2	2	2	2	0	0.00861	0.00172	0
TCGA.ET.A40R.01A	0.81	0.23	0	2	2	2	0.104	0.126	0	0
TCGA.ET.A40S.01A	0.67	0.422	0.0177	2	1.96	1.98	0.2	0.222	0.00748	0
TCGA.ET.A40T.01A	0.61	0.473	0	2	2	2	0.271	0.202	0	0
TCGA.ET.A4KN.01A	0.71	0.411	0	2	1.99	2	0.191	0.22	0	0
TCGA.ET.A4KQ.01A	0.43	0.498	0	2	2.01	2	0.292	0.206	0	0
TCGA.FE.A230.01A	0.44	0.00507	0	2	2	2	0	0.00507	0	0
TCGA.FE.A231.01A	0.96	0.116	0.0645	2	2.01	2.01	0.0616	0.0541	0.00746	0
TCGA.FE.A232.01A	0.07	0.175	1	2	1.96	2	0.0699	0.105	0.157	0.0298
TCGA.FE.A233.01A	0.1	0.0437	0.964	2	2	2	0.014	0.0296	0.0172	0.014
TCGA.FE.A234.01A	0.08	0.55	0.989	2	2.12	2.01	0.299	0.251	0.396	0.156
TCGA.FE.A235.01A	0.84	0.474	0.0155	2	1.97	1.98	0.211	0.263	0.00735	0
TCGA.FE.A236.01A	0.59	0.143	0	2	2	2	0.0661	0.0769	0	0
TCGA.FE.A237.01A	0.12	0.581	0.762	2	1.94	1.99	0.252	0.33	0.311	0.0682
TCGA.FE.A239.01A	0.97	0.303	0.651	4	4.08	4.08	0.179	0.125	0	0.0158
TCGA.FE.A23A.01A	0.19	0.108	0.127	2	2	2	0.0451	0.0627	0.00392	0.00784
TCGA.FE.A3PA.01A	0.14	0.0451	0.292	2	1.99	2	0	0.0451	0.00188	0.00564
TCGA.FE.A3PB.01A	0.59	0.379	0	2	2	2	0.201	0.178	0	0
TCGA.FE.A3PC.01A	0.11	0.062	0.667	2	1.98	2	0.0113	0.0508	0.0226	0.00752
TCGA.FE.A3PD.01A	0.64	0.0275	0	2	2	2	0.00485	0.0226	0	0
TCGA.FK.A3S3.01A	0.06	0.506	0.993	2	2.02	2	0.253	0.253	0.321	0.309
TCGA.FK.A3SB.01A	0.85	0.0343	0	2	2	2	0.00715	0.0272	0	0
TCGA.FK.A3SD.01A	0.73	0.203	0	2	2	2	0.0928	0.11	0	0
TCGA.FK.A3SE.01A	0.71	0.275	0	2	2	2	0.155	0.12	0	0
TCGA.FK.A3SG.01A	0.99	0.036	0.08	2	1.98	1.98	0.00288	0.0331	0	0.00288
TCGA.FK.A3SH.01A	0.14	0.0567	0.513	2	1.99	2	0.0145	0.0422	0.0116	0.00727
TCGA.FK.A4UB.01A	0.75	0.395	0	2	2	2	0.201	0.194	0	0
TCGA.FY.A2QD.01A	0.88	0.317	0	2	2	2	0.137	0.18	0	0
TCGA.FY.A3BL.01A	0.11	0.0909	0.815	2	2.01	2	0.0556	0.0354	0.037	0.0236
TCGA.FY.A3I4.01A	0.31	0.00173	0	2	2	2	0.00173	0	0	0
TCGA.FY.A3I5.01B	0.7	0.309	0.0514	2	2.03	2.02	0.129	0.18	0	0
TCGA.FY.A3NM.01A	0.24	0.798	0.112	2	0.476	1.63	0.071	0.727	0.0109	0.0783
TCGA.FY.A3NN.01A	0.13	0.0802	0.561	2	2.01	2	0.0489	0.0313	0.0176	0.0137
TCGA.FY.A3ON.01A	0.64	0.271	0	2	2	2	0.181	0.0896	0	0
TCGA.FY.A3R6.01A	0.53	0.378	0	2	2	2	0.192	0.186	0	0
TCGA.FY.A3R7.01A	0.24	0.0483	0.154	2	1.99	2	0.00929	0.039	0.00558	0
TCGA.FY.A3R8.01A	0.78	0.0764	0	2	2	2	0.0317	0.0447	0	0
TCGA.FY.A3R9.01A	0.2	0.0204	0.167	2	2	2	0	0.0204	0	0.0017
TCGA.FY.A3RA.01A	0.73	0.112	0	2	2	2	0.0443	0.0674	0	0
TCGA.FY.A3TY.01A	0.1	0.267	0.954	2	2.02	2	0.168	0.0991	0.172	0.0336
TCGA.FY.A3W9.01A	0.97	0.0672	0.0732	2	1.98	1.98	0.00656	0.0607	0.00492	0
TCGA.FY.A3WA.01A	0.96	0.179	0.2	4	4.08	4.08	0.0966	0.0828	0	0
TCGA.FY.A3YR.01A	0.85	0.317	0	2	1.99	1.99	0.152	0.165	0	0
TCGA.FY.A40K.01A	0.12	0.0589	0.7	2	1.99	2	0.0138	0.0452	0.0275	0.00589
TCGA.FY.A40L.01A	0.54	0.144	0	2	2	2	0.0384	0.105	0	0
TCGA.FY.A40M.01A	0.14	0.268	0.642	2	1.94	1.99	0.136	0.132	0.102	0.014
TCGA.FY.A40N.01A	0.67	0.358	0	2	2.01	2	0.209	0.149	0	0
TCGA.FY.A4B0.01A	0.72	0.255	0.00685	2	1.97	1.98	0.117	0.138	0.00175	0
TCGA.FY.A4B3.01A	0.49	0.163	0	2	2	2	0.104	0.0591	0	0
TCGA.FY.A4B4.01A	0.94	0.311	0	2	2	2	0.134	0.177	0	0
TCGA.FY.A76V.01A	0.95	0.203	0	2	2	2	0.0932	0.109	0	0
TCGA.GE.A2C6.01A	0.52	0.518	0.0156	2	1.97	1.98	0.211	0.308	0.0081	0
TCGA.H2.A26U.01A	0.61	0.263	0	2	2.01	2	0.0994	0.163	0	0
TCGA.H2.A2K9.01A	0.99	0.121	0	2	2	2	0.0417	0.0788	0	0
TCGA.H2.A3RH.01A	0.05	0.0035	1	2	2.01	2	0	0.0035	0.0035	0.0035
TCGA.H2.A3RI.01A	0.82	0.0138	0.125	2	2	2	0.00172	0.0121	0	0
TCGA.H2.A421.01A	0.99	0.101	0	2	2	2	0.0271	0.0741	0	0
TCGA.H2.A422.01A	0.95	0.324	0	2	2	2	0.141	0.183	0	0
TCGA.IM.A3EB.01A	0.1	0.214	0.942	2	2.11	2.01	0.11	0.104	0.119	0.0341
TCGA.IM.A3ED.01A	0.69	0.299	0	2	1.99	2	0.106	0.193	0	0
TCGA.IM.A3U2.01A	0.14	0.0653	0.474	2	2	2	0.0292	0.0361	0.00859	0.0103
TCGA.IM.A3U3.01A	0.21	0.065	0.154	2	1.98	2	0.025	0.04	0.00833	0
TCGA.IM.A41Y.01A	0.62	0.297	0	2	2	2	0.136	0.161	0	0
TCGA.IM.A41Z.01A	0.14	0.21	0.518	2	1.95	1.99	0.0826	0.128	0.0582	0.0113
TCGA.IM.A420.01A	0.12	0.168	0.783	2	2.01	2	0.0894	0.0785	0.0931	0.0146
TCGA.IM.A4EB.01A	0.58	0.336	0	2	2	2	0.186	0.15	0	0
TCGA.J8.A3NZ.01A	0.13	0.0297	0.889	2	2	2	0.0165	0.0132	0.0149	0.00825
TCGA.J8.A3O0.01A	0.58	0.0138	0.125	2	1.98	1.99	0	0.0138	0.00173	0
TCGA.J8.A3O2.01A	0.12	0.0167	0.6	2	2	2	0.0167	0	0.00167	0.00502
TCGA.J8.A3O2.06A	0.14	0.154	0.489	2	1.94	1.99	0.0468	0.107	0.0418	0.0167
TCGA.J8.A3YD.01A	0.99	0.357	0	2	1.99	1.99	0.153	0.204	0	0
TCGA.J8.A3YE.01A	0.58	0.00313	0	2	2	2	0	0.00313	0	0
TCGA.J8.A3YF.01A	0.6	0.0319	0	2	2	2	0.00456	0.0274	0	0
TCGA.J8.A3YG.01A	0.79	0.0908	0	2	2	2	0.0175	0.0733	0	0
TCGA.J8.A3YH.01A	0.59	0.0129	0	2	2	2	0	0.0129	0	0
TCGA.J8.A3YH.06A	0.06	0.324	0.995	2	2.01	2	0.178	0.146	0.227	0.162
TCGA.J8.A42S.01A	0.64	0.37	0	2	2	2	0.152	0.218	0	0
TCGA.J8.A4HW.01A	0.91	0.279	0	2	2	2	0.151	0.128	0	0
TCGA.J8.A4HW.06A	0.79	0.326	0	2	2	2	0.143	0.183	0	0
TCGA.KS.A41F.01A	0.68	0.445	0	2	2	2	0.203	0.242	0	0
TCGA.KS.A41I.01A	0.78	0.0736	0.14	2	1.98	1.99	0.00856	0.0651	0.0103	0
TCGA.KS.A41J.01A	0.99	0.133	0	2	2	2	0.0391	0.0943	0	0
TCGA.KS.A41L.01A	0.68	0.431	0	2	2	2	0.223	0.207	0	0
TCGA.KS.A4I1.01A	0.94	0.228	0	2	2	2	0.0953	0.132	0	0
TCGA.KS.A4I3.01A	0.1	0.111	0.912	2	2.01	2	0.0645	0.0469	0.0762	0.00977
TCGA.KS.A4I5.01A	0.65	0.261	0	2	1.99	1.99	0.11	0.15	0	0
TCGA.KS.A4I7.01A	0.68	0.392	0	2	1.98	1.99	0.178	0.214	0	0
TCGA.KS.A4I9.01A	0.06	0.507	1	2	2	2	0.271	0.236	0.274	0.332
TCGA.KS.A4IB.01A	0.83	0.511	0	2	2.03	2.03	0.255	0.257	0	0
TCGA.KS.A4IC.01A	0.78	0.376	0	2	2	2	0.123	0.253	0	0
TCGA.KS.A4ID.01A	0.87	0.209	0	2	2	2	0.0733	0.136	0	0
TCGA.L6.A4EP.01A	0.99	0.227	0	2	1.99	1.99	0.0817	0.145	0	0
TCGA.L6.A4EQ.01A	0.93	0.0511	0	2	2	2	0.00766	0.0434	0	0
TCGA.L6.A4ET.01A	0.66	0.371	0	2	1.99	1.99	0.141	0.23	0	0
TCGA.L6.A4EU.01A	0.64	0.546	0.0167	2	2	2	0.151	0.395	0.00182	0
TCGA.MK.A4N6.01A	0.67	0.429	0	2	1.99	1.99	0.194	0.235	0	0
TCGA.MK.A4N7.01A	0.11	0.432	0.837	2	1.98	2	0.198	0.233	0.291	0.0333
TCGA.MK.A4N9.01A	0.99	0.0105	0.143	2	2	2	0.00299	0.00749	0	0.0015
TCGA.MK.A84Z.01A	0.92	0.028	0.235	2	1.99	1.99	0.0132	0.0148	0.00659	0
TCGA.QD.A8IV.01A	0.94	0.135	0.0353	2	1.98	1.99	0.0397	0.0954	0.00477	0
