sampleid	purity	PC	PoP	Euploidy	pl.tumor	pl.overall	%amp	%del	%del.loh	%cn.loh
TCGA.4P.AA8J.01A	0.25	0.12	0.411	2	2.02	2	0.0395	0.0806	0.0181	0.00329
TCGA.BA.4074.01A	0.51	0.596	0.617	4	3.54	3.77	0.182	0.415	0	0
TCGA.BA.4075.01A	0.7	0.771	0.35	4	4.69	4.48	0.445	0.326	0	0
TCGA.BA.4076.01A	0.84	0.575	0.0528	2	1.89	1.9	0.166	0.409	0.0107	0.00357
TCGA.BA.4077.01B	0.68	0.52	0.0226	2	2.07	2.05	0.249	0.271	0.00588	0.00392
TCGA.BA.4078.01A	0.85	0.601	0.173	2	1.66	1.71	0.13	0.472	0.0963	0
TCGA.BA.5149.01A	0.58	0.629	0.495	4	4.19	4.11	0.373	0.255	0	0
TCGA.BA.5152.01A	0.19	0.253	0.315	2	1.9	1.98	0.0664	0.187	0.0498	0.00603
TCGA.BA.5153.01A	0.78	0.232	0.276	2	1.96	1.97	0.0879	0.144	0.0319	0
TCGA.BA.5555.01A	0.57	0.211	0.561	2	2.21	2.12	0.182	0.0288	0	0.0394
TCGA.BA.5556.01A	0.31	0.115	0.644	2	2.01	2	0.0292	0.0858	0.00195	0.0604
TCGA.BA.5557.01A	0.23	0.295	0.269	2	1.98	1.99	0.101	0.193	0.0295	0.00737
TCGA.BA.5558.01A	0.41	0.0927	0.521	2	2.13	2.05	0.0656	0.027	0.00579	0.0116
TCGA.BA.5559.01A	0.58	0.548	0.28	2	2.26	2.15	0.347	0.201	0.00797	0.0757
TCGA.BA.6868.01B	0.79	0.508	0.0506	2	1.95	1.96	0.185	0.323	0.00643	0
TCGA.BA.6869.01A	0.6	0.455	0.303	2	2.03	2.02	0.164	0.291	0.0226	0.066
TCGA.BA.6870.01A	0.43	0.357	0.622	4	3.94	3.97	0.0903	0.266	0	0
TCGA.BA.6871.01A	0.78	0.521	0.0772	2	2.08	2.07	0.206	0.315	0.00168	0.00335
TCGA.BA.6873.01A	0.55	0.489	0.543	4	3.7	3.83	0.0906	0.399	0	0
TCGA.BA.7269.01A	0.65	0.539	0.159	2	2.05	2.04	0.208	0.331	0	0.0218
TCGA.BA.A4IF.01A	0.44	0.099	0.458	2	2.13	2.06	0.0839	0.0151	0	0
TCGA.BA.A4IG.01A	0.58	0.276	0.716	4	3.8	3.88	0.0726	0.203	0	0
TCGA.BA.A4IH.01A	0.9	0.37	0.259	2	1.85	1.86	0.0792	0.291	0.0921	0.00184
TCGA.BA.A4II.01A	0.23	0.259	0.34	2	2.13	2.03	0.155	0.105	0.0162	0.0018
TCGA.BA.A6D8.01A	0.67	0.632	0.573	4	3.52	3.68	0.162	0.471	0	0
TCGA.BA.A6DA.01A	0.45	0.37	0.34	2	2.01	2.01	0.153	0.217	0.0775	0.0116
TCGA.BA.A6DD.01A	0.11	0.503	0.808	2	2.16	2.02	0.263	0.241	0.297	0.0269
TCGA.BA.A6DE.01A	0.64	0.518	0.241	2	1.68	1.8	0.0688	0.449	0.0815	0.0326
TCGA.BA.A6DF.01A	0.21	0.134	0.227	2	2.01	2	0.0411	0.093	0.0143	0.00358
TCGA.BA.A6DG.01A	0.1	0.581	0.822	2	1.91	1.99	0.188	0.393	0.311	0.093
TCGA.BA.A6DI.01A	0.18	0.786	0.132	2	2.29	2.05	0.463	0.323	0	0.0439
TCGA.BA.A6DJ.01A	0.55	0.514	0.0356	2	2	2	0.13	0.384	0.011	0.00731
TCGA.BA.A6DL.01A	0.44	0.421	0.493	4	4.15	4.07	0.147	0.274	0	0
TCGA.BA.A8YP.01A	0.74	0.719	0.348	4	3.69	3.77	0.212	0.507	0	0
TCGA.BB.4217.01A	0.13	0.27	0.696	2	2.01	2	0.103	0.167	0.114	0.0395
TCGA.BB.4223.01A	0.67	0.332	0.208	2	2.14	2.1	0.202	0.13	0	0
TCGA.BB.4224.01A	0.8	0.596	0.382	4	4.09	4.07	0.292	0.304	0	0
TCGA.BB.4227.01A	0.88	0.404	0.154	2	1.79	1.81	0.0595	0.344	0.057	0
TCGA.BB.4228.01A	0.95	0.2	0.358	2	2.07	2.07	0.103	0.0962	0.00437	0.0102
TCGA.BB.7861.01A	0.21	0.267	0.204	2	2.14	2.03	0.149	0.118	0.0382	0
TCGA.BB.7862.01A	0.76	0.609	0.172	2	1.74	1.8	0.135	0.474	0.0768	0.0262
TCGA.BB.7863.01A	0.47	0.488	0.206	2	2.05	2.02	0.223	0.265	0.0119	0.0731
TCGA.BB.7864.01A	0.65	0.372	0.295	2	2.04	2.03	0.179	0.193	0.00885	0.0584
TCGA.BB.7866.01A	0.72	0.216	0.147	2	1.89	1.92	0.0535	0.162	0.0178	0.0139
TCGA.BB.7871.01A	0.55	0.491	0.369	2	1.76	1.87	0.0732	0.418	0.108	0.0636
TCGA.BB.7872.01A	0.33	0.192	0.248	2	2.06	2.02	0.0949	0.0967	0.00365	0
TCGA.BB.8596.01A	0.16	0.39	0.472	2	1.89	1.98	0.129	0.261	0.0921	0.0369
TCGA.BB.8601.01A	0.87	0.57	0.0898	2	1.64	1.68	0.054	0.516	0.0483	0.00142
TCGA.BB.A5HU.01A	0.51	0.389	0.213	2	2.14	2.07	0.204	0.186	0.0144	0
TCGA.BB.A5HY.01A	0.65	0.857	0.115	2	1.82	1.88	0.301	0.557	0.00928	0.0798
TCGA.BB.A5HZ.01A	0.49	0.55	0.315	4	3.96	3.98	0.223	0.327	0	0
TCGA.BB.A6UM.01A	0.88	0.17	0.491	2	1.99	1.99	0.0418	0.129	0.0289	0.0209
TCGA.BB.A6UO.01A	0.56	0.523	0.11	2	1.85	1.91	0.0838	0.439	0.0391	0.00559
TCGA.C9.A47Z.01A	0.82	0.443	0.134	2	2.07	2.06	0.177	0.265	0.00382	0.0267
TCGA.C9.A480.01A	0.35	0.331	0.253	2	2.08	2.03	0.229	0.102	0.00818	0
TCGA.CN.4722.01A	0.12	0.138	0.693	2	2.01	2	0.0471	0.0911	0.0581	0.0157
TCGA.CN.4723.01A	0.52	0.451	0.502	4	3.86	3.93	0.122	0.328	0	0
TCGA.CN.4725.01A	0.79	0.414	0.0741	2	1.75	1.8	0.0375	0.376	0.0307	0
TCGA.CN.4726.01A	0.25	0.448	0.127	2	1.79	1.95	0.138	0.31	0.0185	0
TCGA.CN.4727.01A	0.57	0.514	0.604	4	3.48	3.7	0.0439	0.47	0	0
TCGA.CN.4728.01A	0.51	0.149	0.0252	2	2.02	2.01	0.0501	0.099	0	0
TCGA.CN.4729.01A	0.39	0.324	0.405	4	4.15	4.06	0.0974	0.227	0	0.00375
TCGA.CN.4730.01A	0.59	0.561	0.467	4	3.65	3.79	0.0944	0.466	0	0
TCGA.CN.4731.01A	0.86	0.4	0.119	2	1.88	1.9	0.05	0.35	0	0.031
TCGA.CN.4733.01A	0.6	0.228	0	2	2	2	0.101	0.127	0	0
TCGA.CN.4735.01A	0.69	0.639	0.121	2	1.8	1.86	0.163	0.476	0.017	0.0454
TCGA.CN.4736.01A	0.3	0.391	0.307	2	2.14	2.04	0.275	0.116	0.0058	0.0619
TCGA.CN.4737.01A	0.59	0.71	0.405	4	3.5	3.71	0.216	0.494	0	0
TCGA.CN.4738.01A	0.22	0.078	0.175	2	2.05	2.01	0.0507	0.0273	0	0.00585
TCGA.CN.4739.01A	0.42	0.525	0.204	2	2.05	2.02	0.24	0.285	0.00185	0.0536
TCGA.CN.4740.01A	0.18	0.399	0.556	2	2.02	2	0.122	0.277	0.128	0.0296
TCGA.CN.4741.01A	0.79	0.65	0.0618	2	2.12	2.09	0.27	0.38	0.00365	0.031
TCGA.CN.4742.01A	0.42	0.462	0.628	4	3.66	3.86	0.0675	0.395	0	0
TCGA.CN.5355.01A	0.23	0.0781	0.346	2	1.98	2	0.00901	0.0691	0.021	0
TCGA.CN.5356.01A	0.51	0.404	0.465	4	3.91	3.95	0.106	0.299	0	0
TCGA.CN.5359.01A	0.21	0.265	0.419	2	2.1	2.02	0.14	0.125	0.0287	0.0143
TCGA.CN.5360.01A	0.36	0.32	0.276	2	2.51	2.19	0.254	0.0662	0	0.0202
TCGA.CN.5363.01A	0.42	0.676	0.131	2	1.97	1.99	0.254	0.422	0.0205	0.0324
TCGA.CN.5365.01A	0.56	0.545	0.112	2	2.16	2.09	0.463	0.0825	0	0.0444
TCGA.CN.5366.01A	0.18	0.277	0.731	2	2.19	2.03	0.0988	0.179	0.104	0.00867
TCGA.CN.5367.01A	0.82	0.349	0.0879	4	3.99	3.99	0.128	0.221	0	0
TCGA.CN.5369.01A	0.14	0.0832	0.545	2	1.98	2	0.0189	0.0643	0.0151	0.017
TCGA.CN.5370.01A	0.38	0.253	0.0462	2	1.95	1.98	0.0661	0.187	0	0
TCGA.CN.5373.01A	0.22	0.205	0.27	2	2.02	2	0.0999	0.105	0.0305	0
TCGA.CN.5374.01A	0.54	0.658	0.499	4	3.8	3.89	0.275	0.383	0	0
TCGA.CN.6010.01A	0.7	0.183	0.15	2	2.11	2.08	0.127	0.0561	0	0.0137
TCGA.CN.6011.01A	0.77	0.571	0.0506	2	1.82	1.86	0.117	0.454	0.00161	0.0128
TCGA.CN.6012.01A	0.58	0.725	0.481	4	3.48	3.7	0.126	0.599	0	0
TCGA.CN.6013.01A	0.29	0.147	0.379	2	2.06	2.02	0.0604	0.0867	0.00464	0
TCGA.CN.6016.01A	0.72	0.0436	0.0333	2	2.01	2.01	0.0189	0.0247	0	0
TCGA.CN.6017.01A	0.99	0.0182	0	2	2	2	0.0121	0.00605	0	0
TCGA.CN.6018.01A	0.26	0.163	0.537	2	2.11	2.03	0.0961	0.0669	0.00686	0.0103
TCGA.CN.6020.01A	0.34	0.425	0.646	4	4.12	4.04	0.224	0.201	0	0.0184
TCGA.CN.6021.01A	0.55	0.409	0.75	4	3.76	3.87	0.125	0.284	0	0
TCGA.CN.6022.01A	0.52	0.189	0.0282	2	2	2	0.0386	0.15	0	0.00533
TCGA.CN.6023.01A	0.38	0.549	0.197	2	2.14	2.06	0.254	0.295	0	0.018
TCGA.CN.6024.01A	0.71	0.614	0.11	2	1.81	1.86	0.0923	0.522	0.0198	0.0148
TCGA.CN.6988.01A	0.81	0.556	0.16	4	3.82	3.86	0.165	0.391	0	0
TCGA.CN.6989.01A	0.9	0.127	0.15	2	2.08	2.07	0.0713	0.0558	0	0.00356
TCGA.CN.6992.01A	0.73	0.504	0.124	2	1.78	1.84	0.0809	0.423	0.0275	0.00611
TCGA.CN.6994.01A	0.68	0.584	0.224	4	4.24	4.16	0.299	0.285	0	0
TCGA.CN.6995.01A	0.55	0.545	0.638	4	3.62	3.79	0.0771	0.468	0	0
TCGA.CN.6996.01A	0.46	0.243	0.0602	2	2.04	2.02	0.124	0.119	0.00731	0.00183
TCGA.CN.6997.01A	0.83	0.518	0.312	2	1.68	1.73	0.0601	0.458	0.136	0.0262
TCGA.CN.6998.01A	0.66	0.716	0.0986	2	2.17	2.11	0.488	0.227	0	0.051
TCGA.CN.A497.01A	0.65	0.455	0.0824	2	1.89	1.93	0.13	0.325	0.0232	0.00714
TCGA.CN.A498.01A	0.53	0.555	0.279	2	1.9	1.95	0.111	0.444	0.0634	0.0546
TCGA.CN.A499.01A	0.6	0.343	0.57	4	4.11	4.07	0.134	0.21	0	0
TCGA.CN.A49A.01A	0.65	0.621	0.414	4	3.84	3.9	0.166	0.455	0	0
TCGA.CN.A49B.01A	0.66	0.47	0.247	2	1.94	1.96	0.147	0.324	0.0495	0.061
TCGA.CN.A49C.01A	0.82	0.507	0.124	2	1.96	1.97	0.209	0.298	0.0331	0
TCGA.CN.A63T.01A	0.45	0.544	0.123	2	2.22	2.1	0.299	0.245	0	0.0278
TCGA.CN.A63U.01A	0.71	0.455	0.141	2	1.79	1.85	0.069	0.386	0.023	0.0279
TCGA.CN.A63V.01A	0.31	0.494	0.155	2	2.15	2.05	0.295	0.199	0	0.00394
TCGA.CN.A63W.01A	0.75	0.577	0.093	2	1.89	1.92	0.203	0.374	0.00383	0.0479
TCGA.CN.A63Y.01A	0.2	0.284	0.224	2	1.96	1.99	0.179	0.105	0.0275	0.00172
TCGA.CN.A640.01A	0.25	0.117	0.132	2	1.98	1.99	0.0257	0.0909	0.012	0
TCGA.CN.A641.01A	0.68	0.312	0.115	2	1.87	1.91	0.0479	0.264	0.00514	0.0188
TCGA.CN.A642.01A	0.69	0.552	0.0408	2	2.05	2.04	0.163	0.389	0	0.0104
TCGA.CN.A6UY.01A	0.86	0.307	0.0698	2	1.99	1.99	0.134	0.173	0.0214	0
TCGA.CN.A6V1.01A	0.17	0.114	0.343	2	1.99	2	0.0478	0.0666	0.0154	0.0102
TCGA.CN.A6V3.01A	0.43	0.36	0.12	2	2.1	2.04	0.191	0.169	0	0.00375
TCGA.CN.A6V6.01A	0.58	0.415	0.148	2	2.01	2.01	0.151	0.264	0	0.0369
TCGA.CN.A6V7.01A	0.92	0.283	0.28	2	1.88	1.89	0.0438	0.239	0.0624	0
TCGA.CQ.5323.01A	0.74	0.182	0.238	2	2.02	2.02	0.0694	0.113	0.0139	0.00521
TCGA.CQ.5324.01A	0.7	0.11	0.2	2	2.01	2.01	0.0203	0.0902	0	0.0221
TCGA.CQ.5325.01A	0.15	0.27	0.549	2	2.03	2	0.113	0.158	0.0694	0.0281
TCGA.CQ.5326.01A	0.25	0.487	0.14	2	2.06	2.01	0.274	0.213	0.0239	0
TCGA.CQ.5327.01A	0.43	0.179	0.553	2	1.99	2	0.0741	0.105	0	0.0989
TCGA.CQ.5329.01A	0.61	0.372	0.197	2	2.07	2.04	0.147	0.226	0	0.0297
TCGA.CQ.5330.01A	0.51	0.479	0.5	4	4.14	4.07	0.23	0.25	0	0
TCGA.CQ.5331.01A	0.23	0.124	0.397	2	2.02	2.01	0.0584	0.0657	0.0255	0.00912
TCGA.CQ.5332.01A	0.76	0.483	0.127	2	1.88	1.91	0.12	0.364	0.0166	0.015
TCGA.CQ.5333.01A	0.29	0.101	0.6	2	2.01	2	0.0368	0.0645	0.00184	0.0331
TCGA.CQ.5334.01A	0.24	0.0991	0.116	2	2.07	2.02	0.0575	0.0417	0.00862	0
TCGA.CQ.6218.01A	0.23	0.105	0.0847	2	1.8	1.95	0.00888	0.0959	0	0
TCGA.CQ.6220.01A	0.45	0.335	0.163	2	2.13	2.06	0.252	0.0829	0	0.00705
TCGA.CQ.6221.01A	0.64	0.632	0.141	2	1.81	1.88	0.191	0.442	0.0223	0.0481
TCGA.CQ.6223.01A	0.65	0.296	0.076	2	1.96	1.97	0.111	0.185	0.00693	0
TCGA.CQ.6224.01A	0.36	0.494	0.389	4	4.03	4.01	0.145	0.348	0	0.0126
TCGA.CQ.6225.01A	0.82	0.579	0.044	2	1.77	1.81	0.178	0.401	0.0207	0
TCGA.CQ.6227.01A	0.19	0.152	0.45	2	1.9	1.98	0.0152	0.137	0.0472	0.0122
TCGA.CQ.6228.01A	0.84	0.45	0.121	2	1.89	1.91	0.143	0.307	0.0301	0.00565
TCGA.CQ.6229.01A	0.15	0.164	0.486	2	1.93	1.99	0.0332	0.131	0.0513	0.0226
TCGA.CQ.7063.01A	0.21	0.0383	0.227	2	2.04	2.01	0.0191	0.0191	0	0
TCGA.CQ.7064.01A	0.95	0.402	0.00415	2	2.01	2.01	0.24	0.162	0	0.00167
TCGA.CQ.7065.01A	0.74	0.339	0.158	2	1.83	1.88	0.0446	0.295	0.0286	0.0196
TCGA.CQ.7067.01A	0.5	0.813	0.0903	2	2.1	2.05	0.405	0.407	0	0.0309
TCGA.CQ.7068.01A	0.65	0.15	0.21	2	2.14	2.09	0.0961	0.0536	0.00185	0.0203
TCGA.CQ.7069.01A	0.4	0.397	0.0948	2	2.1	2.04	0.245	0.152	0	0.024
TCGA.CQ.7071.01A	0.55	0.342	0.0391	2	1.99	2	0.134	0.208	0	0.0134
TCGA.CQ.7072.01A	0.43	0.53	0.203	2	2.31	2.13	0.397	0.132	0.00192	0.0115
TCGA.CQ.A4C6.01A	0.32	0.463	0.325	2	2.21	2.07	0.248	0.215	0.0469	0.0293
TCGA.CQ.A4C7.01A	0.39	0.543	0.568	4	4.18	4.07	0.287	0.256	0	0.0252
TCGA.CQ.A4C9.01A	0.64	0.523	0.251	4	3.8	3.87	0.142	0.381	0	0
TCGA.CQ.A4CA.01A	0.19	0.205	0.307	2	1.9	1.98	0.0274	0.177	0.0306	0.00644
TCGA.CQ.A4CB.01A	0.23	0.438	0.253	2	2.09	2.02	0.324	0.114	0.0347	0
TCGA.CQ.A4CD.01A	0.23	0.275	0.137	2	1.88	1.97	0.0584	0.216	0.00172	0
TCGA.CQ.A4CE.01A	0.19	0.154	0.247	2	1.97	1.99	0.0381	0.116	0.0225	0.00519
TCGA.CQ.A4CG.01A	0.77	0.396	0.146	2	2.25	2.19	0.248	0.148	0.012	0.026
TCGA.CQ.A4CH.01A	0.12	0.174	0.759	2	2.03	2	0.0942	0.0802	0.0481	0.0581
TCGA.CQ.A4CI.01A	0.78	0.55	0.296	2	1.68	1.75	0.119	0.432	0.0956	0.0602
TCGA.CR.5243.01A	0.86	0.282	0.478	4	3.96	3.97	0.115	0.167	0	0
TCGA.CR.5247.01A	0.7	0.669	0.104	2	1.85	1.89	0.212	0.457	0.00162	0.0468
TCGA.CR.5248.01A	0.22	0.16	0.109	2	1.75	1.95	0.00873	0.151	0.0102	0
TCGA.CR.5249.01A	0.68	0.0737	0.087	2	2.02	2.01	0.0272	0.0465	0	0
TCGA.CR.5250.01A	0.87	0.0905	0.224	2	1.95	1.96	0.0119	0.0786	0.0202	0
TCGA.CR.6470.01A	0.5	0.354	0.0785	2	2.04	2.02	0.272	0.0815	0.00556	0
TCGA.CR.6471.01A	0.56	0.126	0.0133	2	1.99	1.99	0.0219	0.104	0	0.00168
TCGA.CR.6472.01A	0.86	0.373	0.197	2	1.75	1.78	0.0202	0.353	0.0712	0.00213
TCGA.CR.6473.01A	0.92	0.483	0.352	4	3.88	3.89	0.182	0.301	0	0
TCGA.CR.6474.01A	0.21	0.294	0.364	2	2.15	2.03	0.127	0.167	0.0384	0.00501
TCGA.CR.6477.01A	0.39	0.58	0.553	4	4.12	4.04	0.208	0.371	0	0.0131
TCGA.CR.6478.01A	0.21	0.202	0.545	2	2.19	2.04	0.0867	0.115	0.0667	0.00667
TCGA.CR.6480.01A	0.75	0.524	0.0491	2	1.99	1.99	0.289	0.235	0.0202	0
TCGA.CR.6481.01A	0.2	0.292	0.33	2	1.95	1.99	0.16	0.132	0.0554	0.0114
TCGA.CR.6482.01A	0.35	0.322	0.521	2	2.16	2.06	0.192	0.13	0.024	0.0223
TCGA.CR.6484.01A	0.18	0.308	0.356	2	2.04	2.01	0.181	0.127	0.073	0.0174
TCGA.CR.6487.01A	0.3	0.424	0.186	2	2.35	2.1	0.37	0.0544	0.0113	0
TCGA.CR.6488.01A	0.37	0.593	0.461	4	4.11	4.04	0.212	0.38	0.00191	0
TCGA.CR.6491.01A	0.73	0.443	0.0494	2	1.92	1.94	0.143	0.3	0.0135	0
TCGA.CR.6492.01A	0.14	0.0511	0.778	2	2.01	2	0.0246	0.0265	0.00947	0.0227
TCGA.CR.6493.01A	0.84	0.356	0.252	4	3.88	3.9	0.147	0.209	0	0
TCGA.CR.7364.01A	0.54	0.585	0.05	2	1.76	1.87	0.0859	0.499	0.0293	0
TCGA.CR.7365.01A	0.68	0.494	0.111	2	1.88	1.92	0.147	0.347	0.0258	0.0226
TCGA.CR.7367.01A	0.55	0.274	0.0651	2	2.05	2.03	0.122	0.151	0	0.00127
TCGA.CR.7368.01A	0.7	0.334	0.211	2	2.01	2	0.157	0.177	0.00471	0.00785
TCGA.CR.7369.01A	0.48	0.372	0.219	2	1.82	1.91	0.0969	0.275	0.0407	0.0116
TCGA.CR.7370.01A	0.8	0.659	0.462	4	3.62	3.7	0.171	0.488	0	0
TCGA.CR.7371.01A	0.6	0.182	0.107	2	2.01	2.01	0.0651	0.117	0	0
TCGA.CR.7372.01A	0.49	0.383	0.0217	2	2.06	2.03	0.242	0.142	0	0.00333
TCGA.CR.7373.01A	0.57	0.567	0.356	4	3.67	3.81	0.172	0.394	0	0
TCGA.CR.7374.01A	0.62	0.64	0.139	2	1.7	1.81	0.131	0.509	0.0337	0.0443
TCGA.CR.7376.01A	0.14	0.0631	0.8	2	2.01	2	0.0234	0.0396	0.00541	0.0396
TCGA.CR.7377.01A	0.17	0.434	0.456	2	2	2	0.232	0.202	0.0757	0.0342
TCGA.CR.7379.01A	0.63	0.247	0.0216	2	2	2	0.073	0.174	0	0
TCGA.CR.7382.01A	0.99	0.31	0	2	2.01	2.01	0.114	0.196	0	0
TCGA.CR.7383.01A	0.43	0.546	0.456	4	3.68	3.86	0.0869	0.459	0	0
TCGA.CR.7385.01A	0.22	0.247	0.268	2	1.96	1.99	0.116	0.131	0.0216	0
TCGA.CR.7386.01A	0.23	0.14	0.237	2	1.94	1.99	0.036	0.104	0.0187	0
TCGA.CR.7388.01A	0.35	0.355	0.259	2	2.09	2.03	0.197	0.158	0.00375	0.0413
TCGA.CR.7389.01A	0.44	0.564	0.111	2	2.14	2.06	0.278	0.286	0	0.0288
TCGA.CR.7390.01A	0.6	0.577	0.494	4	3.92	3.95	0.188	0.389	0	0
TCGA.CR.7391.01A	0.99	0.236	0	2	2	2	0.109	0.127	0	0
TCGA.CR.7392.01A	0.14	0.544	0.613	2	1.89	1.99	0.172	0.372	0.177	0.0994
TCGA.CR.7393.01A	0.62	0.483	0	2	2	2	0.223	0.261	0	0
TCGA.CR.7394.01A	0.16	0.0594	0.706	2	2.01	2	0.0245	0.035	0.0192	0.0105
TCGA.CR.7395.01A	0.13	0.0385	0.708	2	2.02	2	0.0224	0.016	0.0144	0.0112
TCGA.CR.7397.01A	0.18	0.109	0.394	2	2.01	2	0.0291	0.0795	0.0214	0.0138
TCGA.CR.7399.01A	0.59	0.676	0.207	2	2.02	2.01	0.3	0.376	0.00195	0.111
TCGA.CR.7401.01A	0.19	0.284	0.32	2	1.98	2	0.126	0.158	0.0463	0.00799
TCGA.CR.7402.01A	0.66	0.417	0.209	2	1.99	1.99	0.154	0.263	0	0.0159
TCGA.CR.7404.01A	0.22	0.506	0.214	2	2.19	2.04	0.309	0.196	0.0344	0
TCGA.CV.5430.01A	0.69	0.529	0.186	2	1.89	1.93	0.121	0.408	0.0266	0.0116
TCGA.CV.5431.01A	0.95	0.181	0.532	4	4.28	4.26	0.162	0.0198	0	0
TCGA.CV.5432.01A	0.66	0.87	0.444	4	4.58	4.39	0.507	0.363	0	0
TCGA.CV.5434.01A	0.7	0.606	0.51	4	3.45	3.62	0.13	0.476	0	0
TCGA.CV.5435.01A	0.77	0.613	0.266	4	3.87	3.9	0.296	0.317	0	0
TCGA.CV.5436.01A	0.76	0.371	0.431	4	3.94	3.95	0.115	0.256	0	0
TCGA.CV.5439.01A	0.58	0.654	0.363	4	3.81	3.89	0.217	0.437	0	0
TCGA.CV.5440.01A	0.81	0.613	0.491	4	3.55	3.63	0.158	0.455	0	0
TCGA.CV.5441.01A	0.74	0.201	0.298	2	2.07	2.05	0.141	0.06	0	0.0387
TCGA.CV.5442.01A	0.88	0.616	0.856	4	4.73	4.64	0.453	0.163	0	0
TCGA.CV.5443.01A	0.57	0.115	0.136	2	1.9	1.94	0.00871	0.106	0.0139	0
TCGA.CV.5444.01A	0.37	0.468	0.418	4	4	4	0.152	0.316	0	0
TCGA.CV.5966.01A	0.42	0.401	0.473	4	3.78	3.91	0.105	0.296	0.00395	0
TCGA.CV.5970.01A	0.47	0.757	0.622	4	4.21	4.1	0.347	0.41	0	0
TCGA.CV.5971.01A	0.8	0.382	0	2	2	2	0.199	0.183	0	0
TCGA.CV.5973.01A	0.81	0.481	0.174	4	3.62	3.7	0.0635	0.417	0	0
TCGA.CV.5976.01A	0.51	0.345	0.287	2	1.88	1.94	0.0782	0.267	0.0573	0.00954
TCGA.CV.5977.01A	0.76	0.527	0.132	2	2.13	2.1	0.259	0.269	0.0068	0.0085
TCGA.CV.5978.01A	0.65	0.226	0.0963	2	2.05	2.03	0.125	0.1	0	0
TCGA.CV.5979.01A	0.92	0.299	0.179	2	1.9	1.9	0.0722	0.227	0.0433	0
TCGA.CV.6003.01A	0.66	0.699	0.462	4	3.83	3.89	0.268	0.431	0	0
TCGA.CV.6433.01A	0.7	0.305	0.044	2	2.14	2.1	0.215	0.09	0.0115	0
TCGA.CV.6436.01A	0.39	0.243	0.063	2	2.03	2.01	0.105	0.138	0	0
TCGA.CV.6441.01A	0.83	0.409	0.154	2	1.86	1.89	0.107	0.302	0.0492	0.0102
TCGA.CV.6933.01A	0.62	0.415	0.623	4	3.59	3.74	0.0556	0.359	0	0
TCGA.CV.6934.01A	0.52	0.284	0.0585	2	2.02	2.01	0.127	0.157	0	0.00831
TCGA.CV.6935.01A	0.76	0.547	0.00358	2	1.78	1.83	0.149	0.398	0	0
TCGA.CV.6936.01A	0.61	0.413	0.271	2	2.09	2.06	0.161	0.252	0.0568	0.0208
TCGA.CV.6937.01A	0.37	0.367	0.172	2	2.12	2.05	0.121	0.246	0	0.0144
TCGA.CV.6938.01A	0.16	0.0451	0.536	2	1.99	2	0.00322	0.0419	0.00805	0.00805
TCGA.CV.6939.01A	0.44	0.297	0.435	2	1.95	1.98	0.106	0.191	0.0539	0.0694
TCGA.CV.6940.01A	0.74	0.715	0.406	4	3.62	3.72	0.14	0.575	0	0
TCGA.CV.6941.01A	0.68	0.492	0.262	4	3.78	3.85	0.156	0.336	0	0
TCGA.CV.6942.01A	0.29	0.525	0.172	2	2.18	2.05	0.411	0.114	0.0347	0.00347
TCGA.CV.6943.01A	0.16	0.0761	0.643	2	1.99	2	0.0254	0.0507	0.0127	0.0326
TCGA.CV.6945.01A	0.57	0.556	0.557	4	3.34	3.63	0.0504	0.506	0	0
TCGA.CV.6948.01A	0.82	0.447	0.0933	2	1.78	1.82	0.0918	0.356	0.0167	0
TCGA.CV.6950.01A	0.63	0.416	0.369	4	3.81	3.88	0.109	0.307	0	0
TCGA.CV.6951.01A	0.75	0.379	0.335	4	3.93	3.95	0.1	0.279	0	0
TCGA.CV.6952.01A	0.55	0.313	0.0497	2	1.98	1.99	0.121	0.192	0	0.0156
TCGA.CV.6953.01A	0.4	0.716	0.0761	2	1.88	1.95	0.123	0.593	0.0323	0.0181
TCGA.CV.6954.01A	0.58	0.814	0.5	4	3.75	3.86	0.135	0.679	0	0
TCGA.CV.6955.01A	0.41	0.233	0.0439	2	2	2	0.125	0.108	0	0.0102
TCGA.CV.6956.01A	0.72	0.434	0.119	2	1.93	1.95	0.169	0.265	0.0184	0.00919
TCGA.CV.6959.01A	0.48	0.562	0.548	4	3.91	3.96	0.0901	0.472	0	0
TCGA.CV.6960.01A	0.67	0.399	0.232	2	1.78	1.85	0.0508	0.348	0.0314	0.0448
TCGA.CV.6961.01A	0.52	0.293	0.2	2	1.91	1.95	0.0733	0.22	0.00183	0.0256
TCGA.CV.6962.01A	0.79	0.639	0.0881	2	1.56	1.65	0.0853	0.554	0.0526	0
TCGA.CV.7089.01A	0.19	0.322	0.257	2	1.86	1.97	0.0826	0.239	0.0465	0.0155
TCGA.CV.7090.01A	0.34	0.298	0.355	2	2.23	2.08	0.213	0.0848	0	0
TCGA.CV.7091.01A	0.53	0.21	0.268	2	2.21	2.11	0.164	0.0459	0	0.00148
TCGA.CV.7095.01A	0.55	0.369	0.246	2	1.88	1.94	0.0777	0.292	0.0568	0.0246
TCGA.CV.7097.01A	0.56	0.228	0.295	2	2.11	2.06	0.133	0.0952	0	0.0312
TCGA.CV.7099.01A	0.68	0.354	0.0101	2	1.95	1.97	0.0696	0.284	0	0
TCGA.CV.7100.01A	0.56	0.532	0.12	2	1.88	1.93	0.135	0.397	0.0385	0.0212
TCGA.CV.7101.01A	0.45	0.482	0.14	2	2.25	2.11	0.328	0.154	0	0.0207
TCGA.CV.7102.01A	0.61	0.491	0.563	4	3.62	3.77	0.0936	0.398	0	0
TCGA.CV.7103.01A	0.65	0.399	0.198	2	1.8	1.87	0.0755	0.324	0.0414	0.0144
TCGA.CV.7104.01A	0.5	0.383	0.216	2	1.91	1.95	0.131	0.251	0.0206	0.0507
TCGA.CV.7177.01A	0.62	0.626	0.326	2	1.99	1.99	0.2	0.426	0.07	0.103
TCGA.CV.7178.01A	0.53	0.778	0.386	4	3.68	3.83	0.25	0.528	0	0
TCGA.CV.7180.01A	0.17	0.274	0.395	2	2.03	2	0.0997	0.175	0.0577	0.0227
TCGA.CV.7183.01A	0.9	0.329	0	2	2	2	0.152	0.177	0	0
TCGA.CV.7235.01A	0.61	0.559	0.0784	2	1.82	1.89	0.101	0.458	0.00453	0.0257
TCGA.CV.7236.01A	0.21	0.241	0.272	2	1.95	1.99	0.0798	0.161	0.0426	0.00177
TCGA.CV.7238.01A	0.15	0.404	0.588	2	1.92	1.99	0.139	0.265	0.119	0.0662
TCGA.CV.7242.01A	0.45	0.266	0.245	2	2.09	2.04	0.189	0.0772	0	0.0326
TCGA.CV.7243.01A	0.53	0.326	0.366	2	2.28	2.15	0.244	0.0823	0	0
TCGA.CV.7245.01A	0.76	0.659	0.324	4	3.58	3.68	0.162	0.497	0	0
TCGA.CV.7247.01A	0.67	0.488	0.274	4	3.82	3.88	0.098	0.39	0	0
TCGA.CV.7248.01A	0.19	0.51	0.279	2	1.95	1.99	0.23	0.28	0.0703	0.0179
TCGA.CV.7250.01A	0.69	0.359	0.0457	2	2.01	2.01	0.0876	0.272	0	0.00547
TCGA.CV.7252.01A	0.24	0.0607	0.256	2	2	2	0.0297	0.0311	0.00565	0
TCGA.CV.7253.01A	0.78	0.397	0.14	2	1.95	1.96	0.135	0.263	0.0198	0.0198
TCGA.CV.7254.01A	0.44	0.446	0.553	4	4.15	4.07	0.191	0.256	0	0
TCGA.CV.7255.01A	0.66	0.621	0.192	4	3.88	3.92	0.248	0.373	0	0
TCGA.CV.7261.01A	0.64	0.537	0.07	2	1.85	1.91	0.141	0.395	0.00179	0.00716
TCGA.CV.7263.01A	0.55	0.651	0.6	4	3.78	3.88	0.231	0.42	0	0
TCGA.CV.7406.01A	0.58	0.354	0.37	2	1.9	1.94	0.073	0.281	0.0974	0.0187
TCGA.CV.7407.01A	0.6	0.299	0.19	2	2.22	2.13	0.156	0.143	0	0.00325
TCGA.CV.7409.01A	0.74	0.595	0.512	4	4.04	4.03	0.212	0.384	0	0
TCGA.CV.7410.01A	0.13	0.0323	0.611	2	2.02	2	0.0179	0.0143	0.0108	0.00896
TCGA.CV.7411.01A	0.41	0.263	0.0207	2	2	2	0.0942	0.168	0	0.00362
TCGA.CV.7413.01A	0.39	0.328	0.145	2	1.96	1.99	0.173	0.154	0.0019	0.00381
TCGA.CV.7414.01A	0.85	0.504	0.208	4	3.81	3.84	0.148	0.356	0	0
TCGA.CV.7415.01A	0.65	0.259	0.356	2	2.14	2.09	0.148	0.111	0	0.012
TCGA.CV.7416.01A	0.73	0.648	0.0844	2	1.79	1.85	0.0923	0.556	0.00855	0.0239
TCGA.CV.7418.01A	0.7	0.63	0.155	2	1.79	1.85	0.137	0.492	0.0326	0.0446
TCGA.CV.7421.01A	0.56	0.503	0.426	4	3.91	3.95	0.131	0.372	0	0
TCGA.CV.7422.01A	0.3	0.433	0.313	2	2.15	2.04	0.257	0.177	0.013	0.00558
TCGA.CV.7423.01A	0.68	0.422	0.411	4	3.78	3.85	0.114	0.308	0	0
TCGA.CV.7424.01A	0.58	0.555	0.35	4	4.08	4.05	0.204	0.351	0	0
TCGA.CV.7425.01A	0.51	0.272	0.401	4	4.11	4.06	0.124	0.147	0	0
TCGA.CV.7427.01A	0.44	0.3	0.171	2	2.04	2.02	0.132	0.168	0	0
TCGA.CV.7428.01A	0.59	0.514	0.386	2	1.96	1.98	0.146	0.368	0.0347	0.123
TCGA.CV.7429.01A	0.16	0.454	0.305	2	2.18	2.03	0.222	0.232	0.0676	0.0209
TCGA.CV.7430.01A	0.74	0.457	0.186	2	1.91	1.93	0.139	0.319	0.0396	0.0119
TCGA.CV.7432.01A	0.67	0.211	0.0547	2	1.89	1.93	0.0182	0.193	0.00495	0
TCGA.CV.7433.01A	0.21	0.135	0.329	2	2.01	2	0.0338	0.101	0.0196	0
TCGA.CV.7434.01A	0.68	0.557	0.187	2	2.12	2.08	0.218	0.339	0.0451	0.0157
TCGA.CV.7435.01A	0.54	0.559	0.672	4	3.45	3.7	0.086	0.473	0	0
TCGA.CV.7437.01A	0.73	0.681	0.256	2	2.03	2.02	0.268	0.413	0	0.129
TCGA.CV.7438.01A	0.43	0.565	0.34	4	4.21	4.09	0.329	0.236	0.00198	0
TCGA.CV.7440.01A	0.74	0.323	0.0598	2	1.96	1.97	0.0798	0.243	0	0.0129
TCGA.CV.A45O.01A	0.28	0.173	0.449	2	2	2	0.115	0.0583	0	0.0718
TCGA.CV.A45P.01A	0.39	0.439	0.0167	2	2.03	2.01	0.189	0.25	0	0.00183
TCGA.CV.A45Q.01A	0.52	0.514	0.0623	2	2.08	2.04	0.186	0.328	0.002	0.026
TCGA.CV.A45R.01A	0.51	0.381	0.587	4	4.12	4.06	0.169	0.212	0	0
TCGA.CV.A45T.01A	0.99	0.211	0	2	2	2	0.0927	0.118	0	0
TCGA.CV.A45U.01A	0.61	0.623	0.167	2	1.95	1.97	0.143	0.48	0	0.067
TCGA.CV.A45V.01A	0.52	0.127	0	2	2.02	2.01	0.063	0.0645	0	0
TCGA.CV.A45W.01A	0.37	0.562	0.374	4	4.19	4.07	0.311	0.251	0	0.0168
TCGA.CV.A45X.01A	0.45	0.584	0.071	2	2.06	2.03	0.152	0.432	0.00518	0.00518
TCGA.CV.A45Y.01A	0.19	0.341	0.292	2	1.93	1.99	0.0995	0.242	0.0444	0.0266
TCGA.CV.A45Z.01A	0.16	0.396	0.379	2	1.89	1.98	0.118	0.278	0.0909	0.0185
TCGA.CV.A460.01A	0.24	0.0733	0.191	2	1.97	1.99	0.00468	0.0686	0.0109	0
TCGA.CV.A461.01A	0.45	0.53	0.148	2	1.97	1.98	0.179	0.352	0.0354	0.00982
TCGA.CV.A463.01A	0.6	0.355	0.0717	2	2.08	2.05	0.14	0.215	0	0.0255
TCGA.CV.A464.01A	0.17	0.53	0.378	2	2.32	2.05	0.337	0.193	0.095	0.0155
TCGA.CV.A465.01A	0.51	0.523	0.597	4	3.78	3.89	0.134	0.39	0	0
TCGA.CV.A468.01A	0.91	0.252	0	2	2	2	0.124	0.128	0	0
TCGA.CV.A6JD.01A	0.58	0.266	0.4	2	2.05	2.03	0.135	0.131	0.00409	0.0695
TCGA.CV.A6JE.01A	0.6	0.598	0.0567	2	1.93	1.96	0.12	0.479	0	0.00536
TCGA.CV.A6JM.01A	0.57	0.786	0.202	2	2.15	2.08	0.352	0.434	0.0246	0.0417
TCGA.CV.A6JN.01A	0.54	0.33	0.356	2	1.99	1.99	0.114	0.216	0.0354	0.0784
TCGA.CV.A6JO.01B	0.25	0.233	0.639	2	2.08	2.02	0.113	0.12	0.0325	0.0325
TCGA.CV.A6JT.01A	0.25	0.134	0.202	2	1.9	1.98	0.0207	0.113	0.0175	0
TCGA.CV.A6JU.01A	0.23	0.0997	0.386	2	2.04	2.01	0.0315	0.0682	0.0122	0
TCGA.CV.A6JY.01A	0.29	0.45	0.224	2	1.94	1.98	0.179	0.27	0.0394	0.00197
TCGA.CV.A6JZ.01A	0.26	0.542	0.239	2	2.4	2.1	0.388	0.153	0.0221	0
TCGA.CV.A6K0.01B	0.94	0.152	0	2	2	2	0.0551	0.0965	0	0
TCGA.CV.A6K1.01A	0.62	0.192	0.308	2	1.85	1.91	0.0111	0.181	0.0203	0.0388
TCGA.CV.A6K2.01A	0.11	0.189	0.805	2	2.02	2	0.0645	0.124	0.0937	0.0292
TCGA.CX.7082.01A	0.74	0.649	0.148	2	1.75	1.81	0.131	0.518	0.0575	0.0251
TCGA.CX.7085.01A	0.99	0.135	0	2	2	2	0.0529	0.0819	0	0
TCGA.CX.7219.01A	0.55	0.145	0.309	2	2.12	2.06	0.1	0.0448	0.00149	0.0149
TCGA.CX.A4AQ.01A	0.66	0.356	0.031	2	1.9	1.94	0.0912	0.265	0.00691	0.00414
TCGA.D6.6515.01A	0.99	0.101	0	2	2	2	0.0406	0.0609	0	0
TCGA.D6.6516.01A	0.61	0.377	0.477	4	3.71	3.83	0.0739	0.303	0	0
TCGA.D6.6517.01A	0.23	0.292	0.353	2	2.28	2.06	0.229	0.0636	0.0241	0
TCGA.D6.6823.01A	0.6	0.389	0.611	4	3.78	3.87	0.0978	0.292	0	0
TCGA.D6.6824.01A	0.99	0.161	0	2	2	2	0.0938	0.0677	0	0
TCGA.D6.6825.01A	0.27	0.544	0.182	2	2.21	2.06	0.472	0.072	0.0168	0
TCGA.D6.6826.01A	0.28	0.191	0.434	2	1.99	2	0.108	0.083	0.00361	0.00181
TCGA.D6.6827.01A	0.78	0.141	0.286	2	2.07	2.06	0.092	0.0489	0.00144	0
TCGA.D6.8568.01A	0.34	0.322	0.32	2	2.29	2.1	0.269	0.0534	0.00368	0.00921
TCGA.D6.8569.01A	0.64	0.12	0.253	2	2.04	2.03	0.0363	0.0842	0	0.00145
TCGA.D6.A4Z9.01A	0.46	0.265	0.24	2	2.11	2.05	0.208	0.0565	0.00353	0.0318
TCGA.D6.A4ZB.01A	0.24	0.241	0.327	2	2.09	2.02	0.131	0.11	0.0224	0
TCGA.D6.A6EK.01A	0.43	0.387	0.252	2	2.07	2.03	0.175	0.212	0	0.0683
TCGA.D6.A6EM.01A	0.36	0.434	0.183	2	2.15	2.05	0.32	0.114	0	0.00947
TCGA.D6.A6EN.01A	0.52	0.159	0.0125	2	2.09	2.05	0.0895	0.0696	0	0.00199
TCGA.D6.A6EO.01A	0.69	0.534	0.254	2	1.87	1.91	0.128	0.406	0.0843	0.0441
TCGA.D6.A6EP.01A	0.94	0.62	0.387	4	3.89	3.9	0.238	0.382	0	0.00521
TCGA.D6.A6EQ.01A	0.56	0.529	0.555	4	3.75	3.86	0.168	0.361	0	0
TCGA.D6.A6ES.01A	0.74	0.326	0.239	2	1.89	1.92	0.0812	0.245	0.0352	0.0107
TCGA.D6.A74Q.01A	0.66	0.443	0.22	2	1.82	1.88	0.0926	0.35	0.0309	0.0633
TCGA.DQ.5624.01A	0.18	0.307	0.356	2	2.08	2.01	0.129	0.178	0.0441	0.0163
TCGA.DQ.5625.01A	0.62	0.331	0.187	2	2.07	2.04	0.16	0.171	0	0.0223
TCGA.DQ.5629.01A	0.8	0.49	0.0473	2	1.76	1.81	0.0464	0.443	0.00145	0.0145
TCGA.DQ.5630.01A	0.19	0.355	0.335	2	1.9	1.98	0.119	0.236	0.0621	0.016
TCGA.DQ.5631.01A	0.68	0.462	0.194	2	2.13	2.09	0.251	0.21	0	0.00163
TCGA.DQ.7588.01A	0.72	0.483	0.162	2	1.93	1.95	0.171	0.312	0.00174	0.0662
TCGA.DQ.7591.01A	0.73	0.233	0.172	2	1.9	1.92	0.0503	0.182	0.0243	0.0104
TCGA.DQ.7592.01A	0.48	0.498	0.16	2	2.46	2.22	0.42	0.0779	0	0.0156
TCGA.F7.7848.01A	0.56	0.455	0.662	4	3.5	3.72	0.114	0.341	0	0
TCGA.F7.8298.01A	0.48	0.671	0.0824	2	1.89	1.95	0.172	0.499	0.0237	0.0158
TCGA.F7.8489.01A	0.11	0.339	0.728	2	2.06	2.01	0.214	0.126	0.185	0.0152
TCGA.F7.A50G.01A	0.42	0.546	0.13	2	2.19	2.08	0.352	0.194	0	0.00385
TCGA.F7.A61S.01A	0.64	0.47	0.0267	2	1.98	1.99	0.145	0.325	0	0
TCGA.F7.A61V.01A	0.48	0.587	0.0339	2	1.92	1.96	0.194	0.392	0	0
TCGA.F7.A61W.01A	0.8	0.539	0.052	2	1.86	1.88	0.214	0.325	0.018	0
TCGA.F7.A620.01A	0.18	0.526	0.331	2	1.98	2	0.254	0.272	0.0796	0.00995
TCGA.F7.A622.01A	0.73	0.394	0.196	2	1.9	1.93	0.0737	0.32	0.0378	0.0396
TCGA.F7.A623.01A	0.6	0.606	0.109	2	2.07	2.04	0.265	0.341	0	0.00828
TCGA.F7.A624.01A	0.5	0.211	0.16	2	2.06	2.03	0.108	0.103	0	0.00506
TCGA.H7.7774.01A	0.61	0.0391	0.3	2	2.02	2.01	0.0235	0.0157	0	0.0117
TCGA.H7.8501.01A	0.43	0.443	0.0404	2	2.02	2.01	0.159	0.284	0	0
TCGA.H7.8502.01A	0.77	0.536	0.229	2	1.91	1.93	0.141	0.395	0.037	0.0607
TCGA.H7.A6C4.01A	0.16	0.393	0.469	2	2.03	2.01	0.262	0.131	0.0879	0.0259
TCGA.H7.A6C5.01A	0.6	0.441	0.523	4	3.61	3.77	0.102	0.338	0	0
TCGA.H7.A76A.01A	0.26	0.273	0.683	2	2.03	2.01	0.13	0.143	0.0602	0.0301
TCGA.HD.7229.01A	0.6	0.58	0.0952	2	2	2	0.123	0.457	0.0166	0.0203
TCGA.HD.7753.01A	0.6	0.452	0.128	2	1.83	1.9	0.0981	0.354	0.00156	0.028
TCGA.HD.7754.01A	0.77	0.22	0.103	2	2.11	2.08	0.134	0.0864	0.0103	0
TCGA.HD.7831.01A	0.92	0.129	0.136	2	2.05	2.05	0.0659	0.0635	0	0
TCGA.HD.7832.01A	0.72	0.496	0.201	2	2.15	2.11	0.224	0.272	0.0153	0.0651
TCGA.HD.7917.01A	0.63	0.366	0.231	2	1.87	1.92	0.0812	0.285	0.0155	0.0674
TCGA.HD.8314.01A	0.62	0.411	0.155	2	2.05	2.03	0.134	0.277	0.0125	0.0218
TCGA.HD.8634.01A	0.17	0.167	0.667	2	2.13	2.02	0.0572	0.109	0.0488	0.0135
TCGA.HD.8635.01A	0.45	0.51	0.239	2	1.9	1.96	0.197	0.313	0.0512	0.0335
TCGA.HD.A4C1.01A	0.62	0.348	0.103	2	2	2	0.162	0.187	0.00898	0.0215
TCGA.HD.A633.01A	0.63	0.368	0.223	2	1.83	1.89	0.0672	0.3	0.0504	0.0243
TCGA.HD.A634.01A	0.54	0.492	0.0469	2	2.04	2.02	0.201	0.29	0	0
TCGA.HD.A6HZ.01A	0.41	0.603	0.171	2	2.11	2.04	0.291	0.312	0.00564	0.0677
TCGA.HD.A6I0.01A	0.61	0.118	0.329	2	2.09	2.06	0.0709	0.0473	0	0
TCGA.HL.7533.01A	0.67	0.284	0.0974	2	2.04	2.03	0.118	0.166	0.00554	0.0111
TCGA.IQ.7630.01A	0.64	0.203	0.111	2	1.99	1.99	0.0498	0.153	0	0.00161
TCGA.IQ.7631.01A	0.8	0.246	0	2	2.12	2.1	0.176	0.0696	0	0
TCGA.IQ.7632.01A	0.18	0.49	0.438	2	1.97	2	0.176	0.314	0.0721	0.099
TCGA.IQ.A61E.01A	0.48	0.483	0.542	4	3.97	3.99	0.219	0.263	0	0
TCGA.IQ.A61G.01A	0.78	0.71	0.0846	2	2.09	2.07	0.421	0.29	0.00911	0.0146
TCGA.IQ.A61H.01A	0.22	0.38	0.235	2	2.18	2.04	0.192	0.188	0.0562	0
TCGA.IQ.A61I.01A	0.72	0.491	0	2	1.81	1.86	0.0518	0.439	0	0
TCGA.IQ.A61J.01A	0.35	0.304	0.152	2	2.16	2.05	0.244	0.0609	0	0.00369
TCGA.IQ.A61K.01A	0.69	0.619	0.0625	2	1.97	1.98	0.199	0.42	0.00176	0.0299
TCGA.IQ.A61L.01A	0.61	0.45	0.536	4	3.95	3.97	0.14	0.309	0	0
TCGA.IQ.A61O.01A	0.49	0.576	0.446	4	3.78	3.89	0.121	0.455	0	0.00891
TCGA.IQ.A6SG.01A	0.66	0.572	0.46	4	3.65	3.77	0.159	0.413	0	0
TCGA.IQ.A6SH.01A	0.58	0.784	0.0731	2	1.8	1.88	0.211	0.573	0.00337	0.0438
TCGA.KU.A66S.01A	0.38	0.367	0.196	2	2.16	2.06	0.192	0.175	0	0
TCGA.KU.A66T.01A	0.88	0.626	0.0641	2	1.86	1.87	0.138	0.488	0.00893	0
TCGA.KU.A6H7.01A	0.47	0.293	0.208	2	1.83	1.92	0.065	0.228	0.0492	0
TCGA.KU.A6H7.06A	0.83	0.258	0.374	2	1.84	1.86	0.0591	0.199	0.0965	0
TCGA.KU.A6H8.01A	0.12	0.168	0.771	2	2.01	2	0.0892	0.0791	0.105	0.00203
TCGA.MT.A51W.01A	0.19	0.174	0.583	2	2.11	2.02	0.0451	0.129	0.0644	0.00483
TCGA.MT.A51X.01A	0.57	0.564	0.187	2	2.07	2.04	0.187	0.377	0.00314	0.0518
TCGA.MT.A67D.01A	0.55	0.277	0.0529	2	2.01	2	0.0938	0.183	0	0
TCGA.MT.A67F.01A	0.99	0.467	0	2	2	2	0.183	0.284	0	0
TCGA.MT.A67G.01A	0.4	0.382	0.357	4	4.07	4.03	0.0968	0.285	0	0
TCGA.MT.A7BN.01A	0.6	0.419	0.253	2	2.1	2.06	0.172	0.247	0	0.0568
TCGA.MZ.A6I9.01A	0.26	0.47	0.101	2	2.21	2.05	0.282	0.188	0.0119	0
TCGA.MZ.A7D7.01A	0.6	0.72	0.285	4	4.01	4.01	0.336	0.384	0	0
TCGA.P3.A5Q5.01A	0.54	0.313	0.154	2	2.05	2.03	0.0829	0.23	0	0.0134
TCGA.P3.A5Q6.01A	0.51	0.643	0.0941	2	2.01	2.01	0.277	0.367	0	0.0229
TCGA.P3.A5QA.01A	0.51	0.611	0.194	2	2.2	2.1	0.383	0.228	0	0.083
TCGA.P3.A5QE.01A	0.69	0.477	0.108	2	1.95	1.97	0.172	0.305	0.0172	0.0307
TCGA.P3.A5QF.01A	0.82	0.545	0.0761	2	1.94	1.95	0.249	0.296	0.0264	0
TCGA.P3.A6SW.01A	0.21	0.455	0.329	2	2.29	2.06	0.247	0.208	0.0512	0.00548
TCGA.P3.A6SX.01A	0.66	0.403	0.536	4	3.76	3.84	0.0744	0.328	0	0
TCGA.P3.A6T0.01A	0.72	0.179	0.158	2	1.96	1.97	0.0455	0.133	0.00942	0.0188
TCGA.P3.A6T2.01A	0.82	0.292	0.652	4	4.26	4.21	0.194	0.098	0	0
TCGA.P3.A6T3.01A	0.66	0.428	0.143	2	1.98	1.99	0.135	0.293	0.0054	0.00899
TCGA.P3.A6T4.01A	0.59	0.529	0.465	4	3.78	3.87	0.157	0.372	0	0
TCGA.P3.A6T5.01A	0.61	0.752	0.366	4	3.95	3.97	0.303	0.45	0	0
TCGA.P3.A6T6.01A	0.72	0.331	0.284	2	1.94	1.95	0.0866	0.245	0.0264	0.0546
TCGA.P3.A6T7.01A	0.45	0.215	0.597	4	3.99	3.99	0.0999	0.115	0	0
TCGA.P3.A6T8.01A	0.43	0.452	0.289	2	1.91	1.96	0.175	0.278	0.0238	0.0536
TCGA.QK.A64Z.01A	0.25	0.114	0.26	2	2.04	2.01	0.0386	0.0757	0.0089	0
TCGA.QK.A652.01A	0.24	0.37	0.244	2	2.11	2.03	0.278	0.0919	0.0375	0
TCGA.QK.A6IF.01A	0.58	0.266	0.348	2	1.93	1.96	0.0637	0.203	0.0347	0.0541
TCGA.QK.A6IG.01A	0.59	0.717	0.453	4	3.57	3.75	0.126	0.591	0	0
TCGA.QK.A6IH.01A	0.75	0.499	0.2	2	1.75	1.82	0.0754	0.424	0.0855	0.00407
TCGA.QK.A6II.01A	0.59	0.156	0.161	2	2.08	2.05	0.0805	0.0751	0	0.00894
TCGA.QK.A6IJ.01A	0.37	0.0612	0.441	2	2.07	2.02	0.0342	0.027	0	0.0054
TCGA.QK.A6V9.01A	0.58	0.446	0.288	2	1.93	1.96	0.142	0.304	0.072	0.0175
TCGA.QK.A6VB.01A	0.82	0.512	0.0567	2	1.85	1.88	0.187	0.325	0.0127	0.00726
TCGA.QK.A6VC.01A	0.17	0.335	0.536	2	2.07	2.01	0.107	0.228	0.086	0.0558
TCGA.QK.A8Z7.01A	0.87	0.406	0.317	4	3.75	3.79	0.101	0.304	0	0
TCGA.QK.A8Z8.01A	0.7	0.43	0.277	2	1.83	1.88	0.0891	0.341	0.0941	0.0218
TCGA.QK.A8Z9.01B	0.51	0.608	0.421	4	3.5	3.74	0.098	0.51	0	0
TCGA.QK.A8ZA.01A	0.85	0.596	0.468	4	3.91	3.92	0.221	0.375	0	0
TCGA.QK.A8ZB.01A	0.4	0.399	0.239	2	1.76	1.9	0.0914	0.307	0.0402	0.0274
TCGA.QK.AA3J.01A	0.73	0.508	0.111	2	1.87	1.9	0.153	0.355	0.0219	0.00364
TCGA.QK.AA3K.01A	0.43	0.676	0.338	2	1.95	1.98	0.189	0.487	0.0463	0.128
TCGA.RS.A6TO.01A	0.57	0.552	0.375	4	4.01	4.01	0.186	0.366	0	0
TCGA.RS.A6TP.01A	0.88	0.324	0.192	2	1.96	1.96	0.121	0.203	0.0366	0
TCGA.T2.A6WX.01A	0.5	0.512	0.00692	2	2.02	2.01	0.179	0.333	0	0.00177
TCGA.T2.A6WZ.01A	0.52	0.352	0.517	2	2.4	2.21	0.267	0.085	0	0.0117
TCGA.T2.A6X0.01A	0.71	0.38	0.119	2	1.95	1.97	0.119	0.261	0.0218	0.0168
TCGA.T2.A6X2.01A	0.63	0.181	0.0737	2	2.11	2.07	0.0913	0.0894	0	0.0133
TCGA.T3.A92M.01A	0.74	0.165	0.203	2	2.09	2.06	0.118	0.0465	0	0
TCGA.T3.A92N.01A	0.79	0.548	0.259	4	3.59	3.67	0.093	0.455	0	0
TCGA.TN.A7HI.01A	0.75	0.691	0.12	2	2.5	2.38	0.342	0.349	0	0.00579
TCGA.TN.A7HJ.01A	0.17	0.371	0.393	2	2	2	0.0844	0.286	0.0721	0.0246
TCGA.TN.A7HL.01A	0.23	0.119	0.25	2	1.98	1.99	0.033	0.0858	0.0149	0
TCGA.UF.A718.01A	0.42	0.41	0.114	2	2.07	2.03	0.259	0.151	0.00174	0
TCGA.UF.A719.01A	0.76	0.463	0.141	2	1.77	1.83	0.0556	0.408	0.0622	0.00164
TCGA.UF.A71A.01A	0.77	0.632	0.159	2	1.92	1.94	0.176	0.457	0.00502	0.0452
TCGA.UF.A71A.06A	0.79	0.692	0.0749	2	1.98	1.98	0.229	0.463	0.00669	0.00836
TCGA.UF.A71B.01A	0.53	0.403	0.13	2	1.87	1.93	0.0966	0.307	0.0339	0
TCGA.UF.A71D.01A	0.61	0.294	0.104	2	1.82	1.89	0.0371	0.256	0.0194	0.00645
TCGA.UF.A71E.01A	0.61	0.593	0.237	2	2.3	2.18	0.336	0.257	0	0.0638
TCGA.UF.A7J9.01A	0.22	0.239	0.48	2	2.26	2.06	0.107	0.132	0.067	0
TCGA.UF.A7JA.01A	0.18	0.479	0.475	2	2.4	2.07	0.293	0.186	0.0856	0.0455
TCGA.UF.A7JC.01A	0.82	0.479	0.289	4	3.81	3.84	0.157	0.322	0	0
TCGA.UF.A7JD.01A	0.49	0.45	0.127	2	2.05	2.02	0.203	0.247	0	0.0196
TCGA.UF.A7JF.01A	0.66	0.314	0.175	2	1.94	1.96	0.0928	0.221	0.00152	0.0183
TCGA.UF.A7JH.01A	0.66	0.593	0.176	2	1.92	1.94	0.168	0.425	0.00447	0.0641
TCGA.UF.A7JJ.01A	0.17	0.377	0.518	2	1.96	1.99	0.131	0.245	0.076	0.0967
TCGA.UF.A7JK.01A	0.71	0.631	0.0958	2	1.85	1.9	0.153	0.478	0.0227	0.0265
TCGA.UF.A7JO.01A	0.38	0.361	0.53	4	3.95	3.98	0.123	0.238	0	0
TCGA.UF.A7JS.01A	0.6	0.41	0.309	2	1.85	1.91	0.0601	0.35	0.0491	0.0332
TCGA.UF.A7JT.01A	0.47	0.323	0.0812	2	2.01	2	0.126	0.197	0	0.0197
TCGA.UF.A7JV.01A	0.39	0.462	0.0926	2	2.1	2.04	0.234	0.227	0	0.0222
TCGA.UP.A6WW.01A	0.84	0.344	0.274	2	1.77	1.8	0.0685	0.276	0.0942	0
TCGA.WA.A7GZ.01A	0.6	0.46	0.725	4	3.86	3.92	0.175	0.285	0	0
TCGA.WA.A7H4.01A	0.16	0.174	0.554	2	1.96	1.99	0.0404	0.134	0.0311	0.0528
