sampleid	purity	PC	PoP	Euploidy	pl.tumor	pl.overall	%amp	%del	%del.loh	%cn.loh
TCGA.3L.AA1B.01A	0.23	0.301	0.22	2	1.76	1.94	0.0298	0.272	0.0563	0.00166
TCGA.4N.A93T.01A	0.86	0.43	0.148	2	1.83	1.85	0.123	0.306	0.0634	0
TCGA.4T.AA8H.01A	0.81	0.396	0.365	4	4.26	4.21	0.227	0.169	0	0
TCGA.5M.AAT4.01A	0.79	0.497	0.0271	2	1.84	1.87	0.121	0.376	0.0101	0
TCGA.5M.AAT5.01A	0.88	0.577	0.164	6	5.38	5.45	0.13	0.447	0	0
TCGA.5M.AAT6.01A	0.25	0.179	0.333	2	2.08	2.02	0.0993	0.0794	0.0162	0.0289
TCGA.5M.AATA.01A	0.6	0.482	0.39	4	4.03	4.02	0.202	0.28	0	0
TCGA.5M.AATE.01A	0.85	0.487	0.335	4	4.28	4.23	0.237	0.25	0	0
TCGA.A6.2670.01A	0.68	0.794	0.316	4	4.18	4.12	0.412	0.382	0	0
TCGA.A6.2671.01A	0.85	0.544	0.0742	2	1.81	1.84	0.123	0.421	0.0129	0.00968
TCGA.A6.2672.01A	0.68	0.0996	0.132	2	2.07	2.05	0.0677	0.032	0	0
TCGA.A6.2672.01B	0.16	0.37	0.147	2	2.04	2.01	0.209	0.162	0.015	0
TCGA.A6.2674.01A	0.18	0.342	0.464	2	2.21	2.04	0.173	0.168	0.0594	0.0264
TCGA.A6.2675.01A	0.47	0.578	0.298	4	3.74	3.88	0.145	0.433	0	0
TCGA.A6.2676.01A	0.73	0.096	0.434	2	2.04	2.03	0.0616	0.0344	0	0.0236
TCGA.A6.2677.01A	0.96	0.249	0.298	2	1.96	1.96	0.0863	0.163	0.0522	0.00402
TCGA.A6.2677.01B	0.16	0.387	0.309	2	1.98	2	0.18	0.208	0.0459	0.022
TCGA.A6.2678.01A	0.75	0.389	0.0211	2	1.8	1.85	0.0738	0.316	0.00615	0.00205
TCGA.A6.2679.01A	0.61	0.601	0.514	4	3.75	3.85	0.205	0.395	0	0
TCGA.A6.2680.01A	0.71	0.28	0.0465	2	2.01	2.01	0.0797	0.2	0.00976	0
TCGA.A6.2681.01A	0.71	0.672	0.242	4	3.85	3.89	0.208	0.464	0	0
TCGA.A6.2682.01A	0.57	0.396	0.0283	2	1.97	1.98	0.136	0.26	0.00748	0.00374
TCGA.A6.2683.01A	0.95	0.451	0.448	4	3.9	3.91	0.133	0.318	0	0
TCGA.A6.2684.01A	0.7	0.175	0.119	2	1.87	1.91	0.00965	0.166	0.00161	0.0193
TCGA.A6.2684.01C	0.12	0.445	0.552	2	1.95	1.99	0.207	0.238	0.148	0.0498
TCGA.A6.2685.01A	0.9	0.0511	0.175	2	2.03	2.02	0.0358	0.0153	0	0
TCGA.A6.2686.01A	0.72	0.311	0.352	4	3.77	3.84	0.0623	0.249	0	0
TCGA.A6.3807.01A	0.58	0.518	0.25	4	4.36	4.21	0.319	0.199	0	0
TCGA.A6.3809.01A	0.51	0.363	0	2	2	2	0.137	0.226	0	0
TCGA.A6.3809.01B	0.15	0.357	0.528	2	2	2	0.166	0.191	0.079	0.0745
TCGA.A6.3810.01A	0.72	0.527	0.168	2	2.14	2.1	0.235	0.292	0	0.0222
TCGA.A6.3810.01B	0.2	0.338	0.258	2	2.19	2.04	0.198	0.14	0.0324	0
TCGA.A6.4105.01A	0.63	0.679	0.0616	2	2.17	2.11	0.53	0.149	0.00199	0.0279
TCGA.A6.4107.01A	0.56	0.436	0.506	4	3.94	3.97	0.154	0.282	0	0
TCGA.A6.5656.01A	0.84	0.406	0.221	2	2.07	2.06	0.178	0.228	0.0112	0.028
TCGA.A6.5656.01B	0.16	0.458	0.331	2	1.96	1.99	0.207	0.25	0.057	0.0501
TCGA.A6.5657.01A	0.28	0.275	0.47	2	2.11	2.03	0.192	0.083	0.0351	0.00185
TCGA.A6.5659.01A	0.9	0.574	0.0516	2	2	2	0.233	0.341	0.0185	0
TCGA.A6.5659.01B	0.13	0.369	0.709	2	2.06	2.01	0.211	0.157	0.122	0.0815
TCGA.A6.5660.01A	0.74	0.61	0.0885	2	2.07	2.06	0.313	0.297	0.00476	0
TCGA.A6.5661.01A	0.84	0.105	0.0115	2	1.99	1.99	0.0109	0.0941	0	0.00121
TCGA.A6.5661.01B	0.21	0.51	0.141	2	1.66	1.93	0.197	0.313	0.042	0
TCGA.A6.5662.01A	0.84	0.626	0.0769	2	1.99	1.99	0.251	0.374	0.0428	0
TCGA.A6.5664.01A	0.17	0.253	0.479	2	2.02	2	0.12	0.134	0.0591	0.0311
TCGA.A6.5665.01A	0.71	0.191	0.0283	2	1.98	1.99	0.0811	0.11	0.00541	0
TCGA.A6.5665.01B	0.19	0.297	0.0485	2	1.85	1.97	0.13	0.168	0.00541	0
TCGA.A6.5666.01A	0.8	0.55	0.0315	2	2.06	2.05	0.319	0.231	0.00577	0.00192
TCGA.A6.5667.01A	0.84	0.785	0.29	4	3.31	3.42	0.0828	0.702	0	0
TCGA.A6.6137.01A	0.56	0.125	0.375	2	2.04	2.02	0.0609	0.0643	0	0
TCGA.A6.6138.01A	0.59	0.434	0.388	4	3.93	3.96	0.107	0.327	0	0
TCGA.A6.6140.01A	0.75	0.608	0.016	2	2.01	2.01	0.252	0.355	0.00777	0
TCGA.A6.6141.01A	0.88	0.0918	0	2	2	2	0.0322	0.0596	0	0
TCGA.A6.6142.01A	0.57	0.641	0.652	4	3.86	3.92	0.132	0.509	0	0
TCGA.A6.6648.01A	0.55	0.539	0.509	4	4.03	4.02	0.228	0.311	0	0
TCGA.A6.6649.01A	0.5	0.51	0.502	4	3.94	3.97	0.101	0.408	0	0.00382
TCGA.A6.6650.01A	0.95	0.423	0.333	2	1.92	1.92	0.0746	0.348	0.0925	0
TCGA.A6.6650.01B	0.51	0.217	0.0573	2	2.04	2.02	0.0952	0.121	0	0
TCGA.A6.6651.01A	0.37	0.611	0.112	2	2.12	2.04	0.317	0.294	0	0.0286
TCGA.A6.6652.01A	0.92	0.403	0.342	4	4.5	4.46	0.312	0.0915	0	0
TCGA.A6.6653.01A	0.84	0.0461	0.16	2	1.98	1.98	0.00185	0.0443	0.00738	0
TCGA.A6.6654.01A	0.99	0.255	0.0464	2	2.03	2.03	0.144	0.112	0	0
TCGA.A6.6780.01A	0.7	0.181	0.101	2	2.02	2.01	0.0502	0.131	0.00304	0.0152
TCGA.A6.6780.01B	0.14	0.456	0.55	2	1.9	1.99	0.191	0.264	0.128	0.0669
TCGA.A6.6781.01A	0.48	0.29	0	2	2	2	0.169	0.121	0	0
TCGA.A6.6781.01B	0.12	0.436	0.59	2	2.01	2	0.221	0.215	0.159	0.0537
TCGA.A6.6782.01A	0.87	0.269	0.152	4	4.04	4.03	0.0973	0.172	0	0
TCGA.A6.A565.01A	0.09	0.48	0.921	2	2.22	2.02	0.308	0.172	0.324	0.0688
TCGA.A6.A566.01A	0.35	0.543	0.235	2	2.1	2.04	0.277	0.266	0.0037	0.0425
TCGA.A6.A567.01A	0.58	0.551	0.0612	2	1.8	1.88	0.188	0.363	0.00322	0
TCGA.A6.A56B.01A	0.68	0.852	0.148	4	4.51	4.35	0.6	0.251	0	0
TCGA.A6.A5ZU.01A	0.76	0.912	0.403	2	1.03	1.26	0.025	0.887	0.368	0
TCGA.AA.3488.01A	0.84	0.852	0.281	2	2.75	2.63	0.64	0.211	0.0119	0.0613
TCGA.AA.3489.01A	0.27	0.397	0.0868	2	2.08	2.02	0.246	0.151	0.003	0
TCGA.AA.3492.01A	0.83	0.295	0.00654	2	1.99	2	0.153	0.143	0.00193	0
TCGA.AA.3494.01A	0.83	0.673	0.577	4	3.59	3.66	0.0654	0.608	0	0
TCGA.AA.3495.01A	0.55	0.456	0.129	2	2.19	2.1	0.243	0.213	0.0117	0.00196
TCGA.AA.3496.01A	0.63	0.626	0.146	2	2.03	2.02	0.222	0.404	0	0.0662
TCGA.AA.3502.01A	0.81	0.207	0.486	2	2.12	2.1	0.142	0.0645	0	0
TCGA.AA.3506.01A	0.69	0.369	0.385	2	2.19	2.13	0.258	0.112	0	0.0122
TCGA.AA.3510.01A	0.81	0.117	0	2	2	2	0.0467	0.07	0	0
TCGA.AA.3511.01A	0.65	0.327	0.269	2	2.01	2	0.139	0.188	0.00176	0.0246
TCGA.AA.3514.01A	0.83	0.179	0.011	2	2.06	2.05	0.107	0.073	0	0.00197
TCGA.AA.3516.01A	0.12	0.299	0.667	2	1.98	2	0.146	0.153	0.136	0.0268
TCGA.AA.3517.01A	0.96	0.326	0.361	2	2	2	0.108	0.218	0.0667	0.00851
TCGA.AA.3518.01A	0.42	0.254	0	2	1.99	1.99	0.114	0.14	0	0
TCGA.AA.3519.01A	0.78	0.611	0.203	4	4.03	4.02	0.349	0.261	0	0
TCGA.AA.3520.01A	0.73	0.302	0.182	2	1.91	1.93	0.0916	0.211	0.0275	0.0201
TCGA.AA.3521.01A	0.85	0.511	0.168	2	2.1	2.08	0.19	0.321	0.00767	0.0537
TCGA.AA.3522.01A	0.27	0.0723	0.175	2	2.03	2.01	0.0289	0.0434	0.00904	0
TCGA.AA.3524.01A	0.87	0.263	0.623	4	4.17	4.15	0.143	0.119	0	0
TCGA.AA.3525.01A	0.24	0.0464	0	2	2	2	0.0222	0.0242	0	0
TCGA.AA.3526.01A	0.8	0.231	0.168	2	1.99	2	0.0693	0.162	0.0118	0.0135
TCGA.AA.3527.01A	0.82	0.157	0.384	2	2.03	2.03	0.0457	0.112	0	0.0603
TCGA.AA.3529.01A	0.62	0.387	0.167	2	2.18	2.11	0.22	0.167	0.0141	0.0383
TCGA.AA.3530.01A	0.79	0.419	0.0959	2	1.94	1.95	0.13	0.289	0	0.0287
TCGA.AA.3531.01A	0.93	0.381	0.16	2	1.95	1.95	0.13	0.251	0.0486	0
TCGA.AA.3532.01A	0.54	0.285	0.399	2	2.22	2.12	0.205	0.0806	0	0.00525
TCGA.AA.3534.01A	0.87	0.94	0.00142	2	1.8	1.83	0.4	0.54	0	0.00133
TCGA.AA.3538.01A	0.7	0.636	0.0744	2	2.06	2.04	0.302	0.333	0.0103	0.00412
TCGA.AA.3542.01A	0.95	0.677	0.241	4	3.48	3.5	0.0886	0.589	0	0
TCGA.AA.3543.01A	0.71	0.313	0.201	2	2.05	2.04	0.177	0.136	0.00407	0.0102
TCGA.AA.3544.01A	0.71	0.513	0.217	2	2.16	2.11	0.262	0.252	0.0243	0.0162
TCGA.AA.3548.01A	0.8	0.366	0.319	4	3.7	3.76	0.07	0.296	0	0
TCGA.AA.3549.01A	0.73	0.405	0.0521	2	1.95	1.96	0.127	0.278	0.0211	0
TCGA.AA.3552.01A	0.67	0.713	0.465	4	3.44	3.62	0.13	0.584	0	0
TCGA.AA.3553.01A	0.75	0.766	0.411	4	3.44	3.58	0.0994	0.667	0	0
TCGA.AA.3554.01A	0.79	0.251	0	2	2	2	0.0978	0.154	0	0
TCGA.AA.3555.01A	0.78	0.0444	0	2	2	2	0.00741	0.037	0	0
TCGA.AA.3556.01A	0.79	0.223	0.0508	2	2.01	2	0.0813	0.142	0.0113	0
TCGA.AA.3558.01A	0.9	0.391	0.245	2	2.14	2.13	0.208	0.183	0	0.0305
TCGA.AA.3560.01A	0.84	0.684	0.296	6	5.24	5.36	0.0886	0.595	0	0
TCGA.AA.3561.01A	0.93	0.411	0.197	4	4.12	4.11	0.206	0.204	0	0
TCGA.AA.3562.01A	0.7	0.565	0.265	4	3.97	3.98	0.215	0.35	0	0
TCGA.AA.3655.01A	0.88	0.427	0.0229	2	1.94	1.95	0.165	0.263	0.0098	0
TCGA.AA.3660.01A	0.7	0.641	0.106	2	1.87	1.91	0.171	0.47	0.0414	0.0094
TCGA.AA.3662.01A	0.81	0.809	0.275	6	6.03	6.02	0.432	0.377	0	0
TCGA.AA.3663.01A	0.65	0.348	0.131	2	2.04	2.02	0.0877	0.26	0	0.0254
TCGA.AA.3664.01A	0.8	0.472	0.0213	2	2.06	2.05	0.215	0.257	0.00201	0
TCGA.AA.3666.01A	0.83	0.797	0.237	2	2.47	2.39	0.551	0.246	0.00197	0.0374
TCGA.AA.3667.01A	0.83	0.422	0.0583	2	2.15	2.13	0.238	0.184	0.0082	0
TCGA.AA.3672.01A	0.11	0.127	0.836	2	2.05	2.01	0.0417	0.0851	0.0503	0.0174
TCGA.AA.3673.01A	0.69	0.577	0.0175	2	2.02	2.01	0.2	0.377	0.00405	0
TCGA.AA.3675.01A	0.78	0.212	0.0283	2	2.08	2.07	0.114	0.098	0	0.006
TCGA.AA.3678.01A	0.61	0.457	0.368	2	1.92	1.95	0.13	0.326	0.0949	0.0613
TCGA.AA.3679.01A	0.82	0.326	0.342	2	2.07	2.05	0.176	0.151	0.0355	0.023
TCGA.AA.3680.01A	0.75	0.175	0.0625	2	1.98	1.98	0.0601	0.115	0.0109	0
TCGA.AA.3681.01A	0.53	0.403	0.209	2	2.13	2.07	0.219	0.183	0.0229	0.0134
TCGA.AA.3684.01A	0.28	0.36	0.5	2	2.14	2.04	0.259	0.101	0.00405	0.0283
TCGA.AA.3685.01A	0.65	0.539	0.248	2	2.19	2.12	0.286	0.253	0	0.0385
TCGA.AA.3688.01A	0.86	0.472	0.246	4	4.04	4.03	0.175	0.297	0	0
TCGA.AA.3692.01A	0.82	0.336	0.247	2	1.91	1.92	0.087	0.249	0.0494	0
TCGA.AA.3693.01A	0.89	0.504	0.06	2	2.06	2.05	0.246	0.258	0	0
TCGA.AA.3695.01A	0.75	0.752	0.202	2	2.45	2.34	0.632	0.12	0	0.00394
TCGA.AA.3696.01A	0.85	0.382	0.0594	2	2.22	2.18	0.285	0.0964	0	0.0227
TCGA.AA.3697.01A	0.73	0.574	0.258	4	4.23	4.17	0.295	0.279	0	0
TCGA.AA.3710.01A	0.12	0.608	0.0511	2	2.08	2.01	0.274	0.334	0.0128	0.0109
TCGA.AA.3712.01A	0.81	0.52	0.337	4	3.78	3.82	0.135	0.386	0	0
TCGA.AA.3713.01A	0.56	0.185	0.108	2	2.05	2.03	0.0833	0.101	0	0.0179
TCGA.AA.3715.01A	0.57	0.279	0.108	2	2.06	2.03	0.171	0.107	0	0
TCGA.AA.3811.01A	0.69	0.873	0.148	4	3.69	3.78	0.333	0.54	0	0
TCGA.AA.3812.01A	0.42	0.61	0.00977	2	2.05	2.02	0.25	0.36	0	0
TCGA.AA.3814.01A	0.61	0.464	0.126	2	2.1	2.06	0.182	0.283	0.0055	0.0165
TCGA.AA.3818.01A	0.72	0.243	0.225	2	2.22	2.16	0.183	0.0604	0	0
TCGA.AA.3819.01A	0.71	0.183	0.158	2	1.93	1.95	0.0417	0.141	0.0236	0.00362
TCGA.AA.3821.01A	0.52	0.0942	0	2	2	2	0.0308	0.0635	0	0
TCGA.AA.3831.01A	0.65	0.115	0.2	2	1.98	1.99	0.00354	0.112	0	0.023
TCGA.AA.3833.01A	0.15	0.0817	0.415	2	1.99	2	0.0219	0.0598	0.00996	0.0179
TCGA.AA.3837.01A	0.57	0.676	0.145	2	2.24	2.14	0.547	0.129	0	0.0804
TCGA.AA.3841.01A	0.72	0.606	0.0376	2	1.85	1.89	0.147	0.459	0.00175	0
TCGA.AA.3842.01A	0.82	0.828	0.371	4	3.15	3.31	0.099	0.729	0	0
TCGA.AA.3844.01A	0.81	0.674	0.146	2	2.22	2.18	0.443	0.231	0.0221	0.0181
TCGA.AA.3845.01A	0.91	0.432	0	2	1.99	1.99	0.0856	0.346	0	0
TCGA.AA.3846.01A	0.72	0.548	0.525	4	3.92	3.94	0.114	0.434	0	0
TCGA.AA.3848.01A	0.81	0.305	0.00625	2	1.88	1.91	0.0344	0.271	0	0.00191
TCGA.AA.3850.01A	0.2	0.463	0.0694	2	1.27	1.85	0.0945	0.369	0.017	0
TCGA.AA.3851.01A	0.75	0.586	0.394	4	3.7	3.78	0.161	0.425	0	0
TCGA.AA.3852.01A	0.68	0.134	0.0135	2	2.05	2.04	0.0744	0.0599	0	0.00181
TCGA.AA.3854.01A	0.85	0.347	0.149	2	2.03	2.03	0.152	0.194	0	0.0495
TCGA.AA.3855.01A	0.61	0.415	0.363	4	4.25	4.15	0.256	0.159	0	0
TCGA.AA.3856.01A	0.7	0.73	0.412	4	3.41	3.59	0.0859	0.644	0	0
TCGA.AA.3858.01A	0.77	0.372	0.371	4	4.1	4.08	0.163	0.209	0	0
TCGA.AA.3860.01A	0.77	0.416	0.24	2	1.67	1.75	0.0309	0.385	0.0855	0
TCGA.AA.3864.01A	0.76	0.132	0.0122	2	1.99	1.99	0.0321	0.0995	0	0.00161
TCGA.AA.3866.01A	0.64	0.692	0.471	4	4.01	4.01	0.312	0.381	0	0
TCGA.AA.3867.01A	0.72	0.593	0.43	4	3.9	3.93	0.183	0.411	0	0
TCGA.AA.3869.01A	0.79	0.407	0.423	4	3.97	3.98	0.13	0.278	0	0
TCGA.AA.3870.01A	0.59	0.537	0.428	2	1.99	1.99	0.25	0.287	0.0569	0.114
TCGA.AA.3872.01A	0.61	0.831	0.48	4	4.34	4.21	0.458	0.373	0.00199	0
TCGA.AA.3875.01A	0.51	0.374	0.543	4	3.87	3.93	0.138	0.236	0	0
TCGA.AA.3877.01A	0.71	0.261	0	2	2.04	2.03	0.144	0.117	0	0
TCGA.AA.3941.01A	0.84	0.829	0.134	4	4.69	4.58	0.57	0.259	0	0
TCGA.AA.3947.01A	0.65	0.277	0	2	2	2	0.0964	0.181	0	0
TCGA.AA.3949.01A	0.31	0.649	0.00309	2	1.9	1.97	0.108	0.541	0.002	0
TCGA.AA.3950.01A	0.44	0.235	0.0333	2	2.07	2.03	0.135	0.1	0	0
TCGA.AA.3952.01A	0.7	0.51	0.108	2	1.83	1.88	0.159	0.351	0.0196	0.0294
TCGA.AA.3955.01A	0.83	0.737	0.659	4	3.66	3.72	0.0975	0.639	0	0
TCGA.AA.3956.01A	0.55	0.365	0.333	2	2.03	2.02	0.122	0.243	0.00907	0.0544
TCGA.AA.3966.01A	0.65	0.333	0.25	4	4.04	4.03	0.146	0.186	0	0
TCGA.AA.3968.01A	0.75	0.634	0.0881	2	2.24	2.18	0.399	0.235	0.00963	0.00963
TCGA.AA.3971.01A	0.53	0.714	0.669	2	2.22	2.12	0.379	0.335	0.0893	0.183
TCGA.AA.3972.01A	0.9	0.576	0.268	4	3.88	3.89	0.176	0.4	0	0
TCGA.AA.3973.01A	0.92	0.348	0.283	2	2.04	2.03	0.143	0.205	0.0677	0.00193
TCGA.AA.3975.01A	0.79	0.374	0.212	2	2.14	2.11	0.192	0.182	0.0213	0.0291
TCGA.AA.3976.01A	0.81	0.667	0.523	4	3.65	3.71	0.136	0.531	0	0
TCGA.AA.3977.01A	0.75	0.188	0	2	1.99	1.99	0.0621	0.126	0	0
TCGA.AA.3979.01A	0.94	0.373	0.541	4	3.87	3.88	0.128	0.246	0	0
TCGA.AA.3982.01A	0.24	0.387	0.356	2	1.94	1.99	0.12	0.267	0.0968	0
TCGA.AA.3984.01A	0.79	0.473	0	2	2.11	2.09	0.294	0.179	0	0
TCGA.AA.3986.01A	0.59	0.016	0.667	2	2.01	2.01	0.00887	0.00709	0	0.00709
TCGA.AA.3989.01A	0.67	0.347	0.582	4	4.17	4.11	0.238	0.109	0	0
TCGA.AA.3994.01A	0.78	0.293	0.00621	2	2	2	0.0638	0.23	0	0.00182
TCGA.AA.A01P.01A	0.45	0.516	0.00372	2	2.01	2	0.319	0.198	0	0.00192
TCGA.AA.A01R.01A	0.65	0.294	0.141	2	2.09	2.06	0.174	0.12	0.00592	0.0256
TCGA.AA.A01S.01A	0.91	0.434	0.0236	2	2.05	2.05	0.209	0.225	0.00613	0.00204
TCGA.AA.A01T.01A	0.82	0.849	0.519	4	3.87	3.89	0.357	0.493	0	0
TCGA.AA.A01V.01A	0.84	0.104	0.0169	2	2	2	0.0424	0.0618	0	0.00177
TCGA.AA.A01X.01A	0.74	0.391	0	2	2.02	2.01	0.221	0.17	0	0
TCGA.AA.A01Z.01A	0.83	0.361	0.185	2	1.98	1.98	0.164	0.197	0.0487	0
TCGA.AA.A022.01A	0.62	0.265	0.313	2	2.15	2.09	0.184	0.0812	0	0
TCGA.AA.A02O.01A	0.78	0.453	0.341	2	2.24	2.18	0.303	0.15	0	0.00209
TCGA.AA.A02Y.01A	0.78	0.399	0.335	2	2.21	2.16	0.281	0.118	0	0.0259
TCGA.AA.A03F.01A	0.79	0.0736	0.39	2	2	2	0.0323	0.0413	0	0.0287
TCGA.AA.A03J.01A	0.6	0.279	0.0696	2	2.08	2.05	0.141	0.138	0	0.00177
TCGA.AD.5900.01A	0.57	0.277	0.0203	2	2.07	2.04	0.12	0.157	0	0.00375
TCGA.AD.6548.01A	0.61	0.333	0.141	2	2.05	2.03	0.118	0.215	0	0.0134
TCGA.AD.6888.01A	0.72	0.576	0.137	2	1.88	1.92	0.0872	0.488	0.0403	0.00168
TCGA.AD.6889.01A	0.13	0.167	0.651	2	2.01	2	0.0845	0.0825	0.0604	0.0161
TCGA.AD.6890.01A	0.73	0.64	0.142	6	5.72	5.79	0.0833	0.556	0	0
TCGA.AD.6895.01A	0.61	0.415	0	2	1.97	1.98	0.118	0.297	0	0
TCGA.AD.6899.01A	0.54	0.547	0.061	2	1.95	1.97	0.241	0.306	0.00186	0.00186
TCGA.AD.6901.01A	0.67	0.525	0.215	2	2.14	2.09	0.266	0.258	0.00137	0.0261
TCGA.AD.6963.01A	0.49	0.483	0.104	2	2.08	2.04	0.182	0.3	0.00868	0.00347
TCGA.AD.6964.01A	0.68	0.418	0	2	1.98	1.98	0.173	0.245	0	0
TCGA.AD.6965.01A	0.83	0.417	0.275	4	3.97	3.97	0.148	0.269	0	0
TCGA.AD.A5EJ.01A	0.57	0.345	0.00495	2	1.99	1.99	0.181	0.164	0.00171	0
TCGA.AD.A5EK.01A	0.89	0.722	0.411	6	4.94	5.06	0.0724	0.65	0	0
TCGA.AM.5820.01A	0.75	0.446	0.0567	2	1.86	1.89	0.116	0.33	0.0199	0.00181
TCGA.AM.5821.01A	0.17	0.115	0.493	2	2.14	2.02	0.0612	0.0534	0.011	0.0157
TCGA.AU.3779.01A	0.71	0.623	0.0195	2	1.83	1.88	0.208	0.415	0	0.00347
TCGA.AU.6004.01A	0.34	0.864	0.102	4	3.95	3.98	0.387	0.477	0	0
TCGA.AY.4070.01A	0.23	0.291	0.423	2	2.26	2.06	0.129	0.162	0.0386	0
TCGA.AY.4071.01A	0.74	0.458	0.227	2	2.08	2.06	0.19	0.267	0	0.0461
TCGA.AY.5543.01A	0.68	0.418	0.227	2	1.84	1.89	0.0616	0.356	0.0815	0.0133
TCGA.AY.6196.01A	0.39	0.508	0.232	2	2.17	2.07	0.299	0.209	0	0.0125
TCGA.AY.6197.01A	0.82	0.173	0.359	2	2.08	2.07	0.0978	0.0756	0	0.0622
TCGA.AY.6386.01A	0.74	0.295	0	2	2.05	2.04	0.154	0.141	0	0
TCGA.AY.A54L.01A	0.59	0.514	0.321	4	4.05	4.03	0.165	0.349	0	0
TCGA.AY.A69D.01A	0.69	0.334	0.508	4	4.23	4.16	0.216	0.118	0	0
TCGA.AY.A71X.01A	0.9	0.0912	0	2	1.97	1.97	0.0212	0.07	0	0
TCGA.AY.A8YK.01A	0.7	0.43	0.156	2	2.02	2.01	0.15	0.28	0.0016	0.0128
TCGA.AZ.4308.01A	0.68	0.453	0.11	2	2.05	2.04	0.245	0.209	0.0119	0
TCGA.AZ.4313.01A	0.64	0.373	0	2	2.03	2.02	0.0856	0.287	0	0
TCGA.AZ.4315.01A	0.71	0.101	0.0377	2	2	2	0.0114	0.0895	0	0.00381
TCGA.AZ.4323.01A	0.13	0.562	0.657	2	1.95	1.99	0.226	0.336	0.178	0.111
TCGA.AZ.4614.01A	0.88	0.404	0.175	2	1.88	1.9	0.0996	0.305	0.0594	0.00958
TCGA.AZ.4615.01A	0.16	0.299	0.559	2	2.23	2.04	0.156	0.142	0.0422	0.0176
TCGA.AZ.4616.01A	0.58	0.389	0.529	4	3.93	3.96	0.178	0.211	0	0
TCGA.AZ.4681.01A	0.91	0.38	0.557	4	3.96	3.97	0.153	0.227	0	0
TCGA.AZ.4682.01B	0.78	0.537	0.0403	2	2.18	2.14	0.313	0.224	0.0177	0.00197
TCGA.AZ.5403.01A	0.44	0.321	0.406	2	2.24	2.11	0.254	0.0667	0	0.00317
TCGA.AZ.5407.01A	0.16	0.373	0.531	2	2.67	2.11	0.227	0.146	0.0291	0.0233
TCGA.AZ.6598.01A	0.21	0.383	0.704	2	3.14	2.24	0.317	0.0652	0.0154	0
TCGA.AZ.6599.01A	0.88	0.105	0	2	2	2	0.0534	0.0514	0	0
TCGA.AZ.6600.01A	0.54	0.693	0.349	4	3.85	3.92	0.233	0.46	0	0
TCGA.AZ.6601.01A	0.59	0.00831	0	2	2	2	0.00166	0.00664	0	0
TCGA.AZ.6603.01A	0.82	0.477	0.266	4	4.28	4.23	0.263	0.214	0	0
TCGA.AZ.6605.01A	0.41	0.373	0.68	4	4.08	4.03	0.117	0.256	0	0
TCGA.AZ.6606.01A	0.78	0.505	0.0532	2	2.19	2.15	0.188	0.317	0.0096	0.00192
TCGA.AZ.6607.01A	0.55	0.6	0.232	4	4.45	4.25	0.358	0.243	0	0
TCGA.AZ.6608.01A	0.31	0.449	0.394	2	1.92	1.98	0.14	0.309	0.0595	0
TCGA.CA.5254.01A	0.83	0.432	0.298	4	3.63	3.69	0.0653	0.366	0	0
TCGA.CA.5255.01A	0.17	0.399	0.481	2	1.84	1.97	0.0728	0.326	0.129	0.028
TCGA.CA.5256.01A	0.86	0.271	0.376	4	4.11	4.1	0.122	0.149	0	0
TCGA.CA.5796.01A	0.65	0.476	0.0852	2	2.09	2.06	0.239	0.237	0	0
TCGA.CA.5797.01A	0.64	0.587	0.0539	2	1.94	1.96	0.203	0.384	0.00158	0.00475
TCGA.CA.6715.01A	0.93	0.361	0.534	4	4.24	4.22	0.214	0.147	0	0
TCGA.CA.6716.01A	0.67	0.438	0.123	4	4.13	4.09	0.238	0.2	0	0
TCGA.CA.6717.01A	0.74	0.038	0	2	2	2	0.0127	0.0253	0	0
TCGA.CA.6718.01A	0.63	0.0968	0	2	1.99	2	0.0132	0.0836	0	0
TCGA.CA.6719.01A	0.68	0.503	0.182	2	2.05	2.03	0.196	0.306	0	0.0294
TCGA.CK.4947.01B	0.59	0.395	0.183	2	2.11	2.06	0.207	0.188	0	0.0304
TCGA.CK.4950.01A	0.76	0.328	0.00719	2	1.99	1.99	0.0649	0.263	0	0.00236
TCGA.CK.4951.01A	0.66	0.0876	0	2	2	2	0.061	0.0267	0	0
TCGA.CK.5912.01A	0.92	0.52	0.262	4	4.1	4.09	0.305	0.215	0	0.00241
TCGA.CK.5913.01A	0.71	0.136	0.108	2	2.02	2.01	0.0552	0.081	0	0.0147
TCGA.CK.5915.01A	0.98	0.217	0.128	2	1.98	1.98	0.0306	0.187	0	0.0219
TCGA.CK.5916.01A	0.37	0.575	0	2	1.93	1.97	0	0.575	0	0
TCGA.CK.6746.01A	0.86	0.144	0.44	2	2.06	2.05	0.0694	0.0741	0	0.0631
TCGA.CK.6747.01A	0.83	0.122	0.13	2	2	2	0.0407	0.0814	0	0.0159
TCGA.CK.6748.01A	0.83	0.446	0.142	2	1.92	1.93	0.0884	0.357	0.0253	0
TCGA.CK.6751.01A	0.82	0.0257	0.235	2	2	2	0.00303	0.0227	0	0.00605
TCGA.CM.4743.01A	0.43	0.399	0.00465	2	2	2	0.2	0.199	0	0.00186
TCGA.CM.4746.01A	0.83	0.225	0.148	2	2.12	2.1	0.161	0.0632	0	0.0193
TCGA.CM.4747.01A	0.76	0.349	0.278	4	3.67	3.75	0.0234	0.326	0	0
TCGA.CM.4748.01A	0.64	0.228	0.151	2	1.98	1.99	0.067	0.161	0.0115	0.023
TCGA.CM.4751.01A	0.88	0.164	0.0137	2	1.97	1.97	0.036	0.128	0	0.00225
TCGA.CM.4752.01A	0.5	0.708	0.366	4	4.61	4.3	0.408	0.301	0	0
TCGA.CM.5341.01A	0.69	0.319	0.497	4	4.03	4.02	0.104	0.215	0	0
TCGA.CM.5344.01A	0.63	0.805	0.376	6	5.33	5.58	0.191	0.614	0	0
TCGA.CM.5348.01A	0.58	0.7	0.134	2	1.97	1.98	0.211	0.49	0.00159	0.0431
TCGA.CM.5349.01A	0.5	0.342	0.18	2	1.98	1.99	0.156	0.186	0.0307	0
TCGA.CM.5860.01A	0.71	0.533	0.141	2	1.96	1.97	0.148	0.386	0.00148	0.0133
TCGA.CM.5861.01A	0.63	0.332	0.162	2	2.15	2.09	0.215	0.117	0	0
TCGA.CM.5862.01A	0.83	0.687	0.147	2	2.08	2.06	0.26	0.427	0	0.0382
TCGA.CM.5863.01A	0.12	0.504	0.693	2	2.14	2.02	0.237	0.267	0.237	0.0441
TCGA.CM.5864.01A	0.77	0.634	0.1	2	2.24	2.19	0.36	0.274	0	0.0205
TCGA.CM.5868.01A	0.56	0.758	0.301	4	3.81	3.89	0.263	0.495	0	0
TCGA.CM.6161.01A	0.66	0.406	0.0362	2	1.98	1.99	0.129	0.278	0	0.0147
TCGA.CM.6162.01A	0.4	0.401	0.429	4	3.85	3.94	0.0691	0.332	0	0
TCGA.CM.6163.01A	0.6	0.282	0.564	2	2.2	2.12	0.214	0.0675	0	0.03
TCGA.CM.6164.01A	0.55	0.542	0.00974	2	1.94	1.97	0.208	0.335	0.00352	0
TCGA.CM.6166.01A	0.75	0.564	0.237	2	2.2	2.15	0.378	0.185	0.00996	0.0538
TCGA.CM.6167.01A	0.28	0.547	0.498	2	2.23	2.06	0.295	0.252	0.00947	0.0758
TCGA.CM.6168.01A	0.97	0.312	0	2	2.02	2.02	0.112	0.2	0	0
TCGA.CM.6169.01A	0.71	0.551	0.295	2	2	2	0.191	0.361	0.022	0.0938
TCGA.CM.6170.01A	0.7	0.576	0.0623	4	3.55	3.69	0.127	0.448	0	0
TCGA.CM.6171.01A	0.79	0.359	0.0452	2	2.03	2.02	0.126	0.233	0	0.0162
TCGA.CM.6172.01A	0.71	0.349	0.0928	2	1.88	1.92	0.108	0.241	0.0018	0.0198
TCGA.CM.6674.01A	0.56	0.0552	0	2	2	2	0.0328	0.0224	0	0
TCGA.CM.6675.01A	0.89	0.571	0.212	2	1.83	1.84	0.277	0.294	0.121	0
TCGA.CM.6676.01A	0.68	0.515	0.118	2	2.07	2.05	0.108	0.407	0.0168	0
TCGA.CM.6677.01A	0.77	0.53	0.477	4	3.95	3.96	0.251	0.278	0	0
TCGA.CM.6678.01A	0.7	0.531	0.157	2	2.13	2.09	0.313	0.218	0	0.0436
TCGA.CM.6679.01A	0.71	0.337	0.172	2	2.08	2.06	0.213	0.124	0	0.0263
TCGA.CM.6680.01A	0.7	0.442	0.008	2	1.95	1.96	0.173	0.269	0.00177	0.00177
TCGA.D5.5537.01A	0.76	0.694	0.227	6	5.67	5.75	0.394	0.3	0	0
TCGA.D5.5538.01A	0.7	0.231	0.0811	2	1.97	1.98	0.0891	0.142	0.00781	0.0109
TCGA.D5.5539.01A	0.72	0.494	0.667	4	3.91	3.93	0.124	0.37	0	0
TCGA.D5.5540.01A	0.88	0.531	0.245	4	3.84	3.86	0.222	0.308	0	0
TCGA.D5.5541.01A	0.83	0.528	0.146	2	2.02	2.02	0.136	0.391	0.0287	0.0108
TCGA.D5.6529.01A	0.41	0.518	0.0362	2	2.1	2.04	0.344	0.174	0	0
TCGA.D5.6530.01A	0.76	0.135	0.0417	2	1.99	1.99	0.0318	0.103	0.00375	0.00187
TCGA.D5.6531.01A	0.88	0.62	0.0824	2	1.86	1.87	0.129	0.492	0.0149	0.0215
TCGA.D5.6532.01A	0.83	0.451	0.198	4	4.08	4.06	0.172	0.28	0	0
TCGA.D5.6533.01A	0.75	0.529	0.0802	2	1.75	1.81	0.104	0.426	0.0212	0
TCGA.D5.6534.01A	0.24	0.395	0.387	2	2.24	2.06	0.246	0.149	0.0406	0
TCGA.D5.6535.01A	0.74	0.581	0.286	4	3.49	3.62	0.0879	0.493	0	0
TCGA.D5.6536.01A	0.72	0.409	0.0739	2	2.01	2.01	0.188	0.222	0.00202	0.0262
TCGA.D5.6537.01A	0.89	0.22	0.28	2	2.05	2.05	0.0639	0.157	0	0.0479
TCGA.D5.6538.01A	0.93	0.531	0.403	4	4.63	4.59	0.358	0.173	0	0.0018
TCGA.D5.6539.01A	0.17	0.152	0.685	2	2.11	2.02	0.0495	0.102	0.0495	0.029
TCGA.D5.6540.01A	0.65	0.404	0.0614	2	2.07	2.04	0.166	0.237	0	0
TCGA.D5.6541.01A	0.56	0.339	0.257	2	1.99	1.99	0.127	0.212	0.0258	0.0397
TCGA.D5.6898.01A	0.68	0.486	0.115	2	1.98	1.99	0.124	0.363	0.00339	0.0203
TCGA.D5.6920.01A	0.15	0.0316	0.476	2	2	2	0.0105	0.0211	0.00904	0.00452
TCGA.D5.6922.01A	0.79	0.372	0.0433	2	1.9	1.92	0.0615	0.31	0.00146	0
TCGA.D5.6923.01A	0.66	0.262	0.314	2	2.04	2.03	0.093	0.169	0	0.021
TCGA.D5.6924.01A	0.59	0.58	0.357	4	3.9	3.94	0.2	0.38	0	0
TCGA.D5.6926.01A	0.59	0.652	0.236	4	3.92	3.95	0.287	0.365	0	0
TCGA.D5.6927.01A	0.51	0.134	0.0132	2	2	2	0.0299	0.104	0	0.00176
TCGA.D5.6928.01A	0.8	0.044	0	2	2.01	2	0.0147	0.0293	0	0
TCGA.D5.6929.01A	0.5	0.653	0.0204	2	1.89	1.95	0.293	0.36	0	0
TCGA.D5.6930.01A	0.15	0.0697	0.432	2	1.99	2	0.0339	0.0358	0.00942	0.00942
TCGA.D5.6931.01A	0.47	0.235	0.206	2	2.01	2.01	0.0616	0.174	0.00746	0.041
TCGA.D5.6932.01A	0.77	0.42	0.336	4	4	4	0.212	0.208	0	0
TCGA.D5.7000.01A	0.73	0.236	0.154	2	1.98	1.99	0.0348	0.202	0	0.0364
TCGA.DM.A0X9.01A	0.38	0.267	0.654	2	2.47	2.18	0.218	0.0489	0	0
TCGA.DM.A0XD.01A	0.77	0.187	0.144	2	1.97	1.98	0.0127	0.174	0	0.0269
TCGA.DM.A0XF.01A	0.58	0.297	0.188	2	1.98	1.99	0.117	0.18	0.0241	0
TCGA.DM.A1D0.01A	0.82	0.446	0.00909	2	1.98	1.98	0.14	0.306	0.00406	0
TCGA.DM.A1D4.01A	0.84	0.298	0.518	4	4.02	4.02	0.154	0.144	0	0
TCGA.DM.A1D6.01A	0.93	0.307	0.5	4	3.77	3.79	0.0678	0.239	0	0
TCGA.DM.A1D7.01A	0.35	0.313	0.18	2	1.99	2	0.14	0.173	0.00194	0
TCGA.DM.A1D8.01A	0.81	0.578	0.449	4	3.83	3.86	0.159	0.418	0	0
TCGA.DM.A1D9.01A	0.79	0.256	0.0455	2	1.77	1.82	0.0155	0.241	0.0117	0
TCGA.DM.A1DA.01A	0.88	0.812	0.375	2	2.37	2.33	0.468	0.344	0	0.263
TCGA.DM.A1DB.01A	0.79	0.617	0.0873	2	1.95	1.96	0.283	0.335	0.0372	0.00558
TCGA.DM.A1HA.01A	0.93	0.654	0.0599	2	1.84	1.85	0.153	0.501	0.0137	0
TCGA.DM.A1HB.01A	0.63	0.0254	0	2	2	2	0.0127	0.0127	0	0
TCGA.DM.A280.01A	0.85	0.0693	0.025	2	2.01	2.01	0.0312	0.0381	0	0.00173
TCGA.DM.A285.01A	0.55	0.433	0.3	2	2.28	2.15	0.298	0.135	0	0.0013
TCGA.DM.A288.01A	0.82	0.683	0.246	4	3.52	3.6	0.149	0.533	0	0
TCGA.DM.A28A.01A	0.87	0.523	0.065	2	1.9	1.91	0.225	0.298	0.0275	0
TCGA.DM.A28C.01A	0.85	0.147	0.0353	2	2.07	2.06	0.0607	0.0867	0	0.0052
TCGA.DM.A28E.01A	0.8	0.349	0.13	2	2.05	2.04	0.178	0.171	0.0382	0
TCGA.DM.A28F.01A	0.73	0.466	0.272	2	2.08	2.06	0.186	0.28	0.0217	0.048
TCGA.DM.A28G.01A	0.68	0.535	0.0676	2	2.02	2.02	0.309	0.226	0.00723	0
TCGA.DM.A28H.01A	0.75	0.426	0.286	2	1.99	1.99	0.142	0.283	0.0128	0.0448
TCGA.DM.A28K.01A	0.81	0.561	0.0784	2	2.22	2.18	0.355	0.206	0	0.0123
TCGA.F4.6459.01A	0.66	0.771	0.495	4	4.39	4.25	0.358	0.413	0	0
TCGA.F4.6460.01A	0.62	0.809	0.256	2	2.48	2.3	0.536	0.273	0.0398	0.0817
TCGA.F4.6461.01A	0.2	0.0909	0.1	2	1.88	1.98	0.00909	0.0818	0.00303	0.00152
TCGA.F4.6463.01A	0.69	0.333	0.0452	2	2.01	2.01	0.13	0.204	0	0.0151
TCGA.F4.6569.01A	0.38	0.265	0.574	2	2.06	2.02	0.121	0.144	0.0214	0.0409
TCGA.F4.6570.01A	0.6	0.0996	0.464	2	2.06	2.04	0.0552	0.0445	0	0.00712
TCGA.F4.6703.01A	0.99	0.453	0	2	1.99	1.99	0.189	0.265	0	0
TCGA.F4.6704.01A	0.68	0.446	0.352	4	3.82	3.88	0.135	0.311	0	0
TCGA.F4.6805.01A	0.23	0.59	0.148	2	1.99	2	0.261	0.328	0.0236	0
TCGA.F4.6806.01A	0.31	0.313	0.284	2	1.98	1.99	0.174	0.139	0.0278	0.0222
TCGA.F4.6807.01A	0.54	0.416	0.405	4	3.74	3.86	0.118	0.298	0	0
TCGA.F4.6808.01A	0.77	0.444	0.313	4	3.81	3.85	0.128	0.316	0	0
TCGA.F4.6809.01A	0.54	0.33	0.48	4	3.79	3.89	0.0878	0.242	0	0
TCGA.F4.6854.01A	0.66	0.535	0.0344	2	1.85	1.9	0.0585	0.477	0.00167	0.00334
TCGA.F4.6855.01A	0.23	0.355	0.181	2	1.6	1.91	0.0321	0.323	0.0161	0.0286
TCGA.F4.6856.01A	0.55	0.197	0.0841	2	1.99	1.99	0.101	0.0956	0.011	0.00551
TCGA.F4.6857.01A	0.26	0.468	0.773	4	4.09	4.02	0.229	0.239	0.0149	0.00933
TCGA.G4.6293.01A	0.64	0.421	0.014	2	2.13	2.09	0.258	0.163	0	0.00394
TCGA.G4.6294.01A	0.81	0.543	0.113	2	2.14	2.12	0.203	0.34	0.0204	0.00558
TCGA.G4.6295.01A	0.29	0.806	0.0637	2	0.816	1.66	0.0608	0.745	0.0019	0
TCGA.G4.6297.01A	0.48	0.576	0.0635	2	2.3	2.14	0.311	0.265	0	0.00183
TCGA.G4.6298.01A	0.53	0.593	0.227	2	1.84	1.92	0.124	0.47	0.116	0.0166
TCGA.G4.6299.01A	0.59	0.573	0.183	2	2.05	2.03	0.24	0.333	0	0.05
TCGA.G4.6302.01A	0.7	0.0998	0	2	2	2	0.0391	0.0607	0	0
TCGA.G4.6303.01A	0.73	0.71	0.408	4	4.47	4.34	0.484	0.227	0	0
TCGA.G4.6304.01A	0.99	0.0435	0	2	2	2	0.0191	0.0243	0	0
TCGA.G4.6306.01A	0.74	0.396	0.145	2	2.25	2.18	0.259	0.137	0.00741	0.00741
TCGA.G4.6307.01A	0.84	0.517	0.0759	2	1.93	1.94	0.0998	0.417	0	0.00655
TCGA.G4.6309.01A	0.8	0.255	0.06	2	1.99	1.99	0.0696	0.185	0	0.0153
TCGA.G4.6310.01A	0.63	0.525	0.56	4	4.31	4.2	0.21	0.314	0	0
TCGA.G4.6311.01A	0.42	0.581	0.199	2	2.26	2.11	0.298	0.283	0.0019	0.0417
TCGA.G4.6314.01A	0.59	0.631	0.675	4	3.74	3.85	0.112	0.519	0	0
TCGA.G4.6315.01A	0.5	0.37	0.67	4	3.92	3.96	0.0965	0.273	0	0
TCGA.G4.6317.01A	0.85	0.555	0.189	4	3.77	3.8	0.136	0.419	0	0
TCGA.G4.6317.02A	0.97	0.715	0.198	4	3.96	3.96	0.285	0.429	0	0.065
TCGA.G4.6320.01A	0.22	0.446	0.383	2	2.4	2.09	0.237	0.209	0.0382	0.0442
TCGA.G4.6321.01A	0.55	0.0705	0	2	2	2	0	0.0705	0	0
TCGA.G4.6322.01A	0.92	0.116	0.283	2	1.92	1.92	0.00774	0.108	0.0329	0
TCGA.G4.6323.01A	0.5	0.22	0.168	2	2.01	2.01	0.0899	0.131	0	0
TCGA.G4.6586.01A	0.67	0.151	0.115	2	2.02	2.01	0.0716	0.0793	0.00967	0.00774
TCGA.G4.6588.01A	0.82	0.3	0	2	2	2	0.154	0.146	0	0
TCGA.G4.6625.01A	0.38	0.483	0.087	2	1.99	2	0.204	0.279	0.00573	0.00573
TCGA.G4.6626.01A	0.72	0.645	0.374	4	3.79	3.85	0.213	0.433	0	0
TCGA.G4.6627.01A	0.17	0.201	0.35	2	1.94	1.99	0.0547	0.146	0.041	0.00586
TCGA.G4.6628.01A	0.99	0.231	0	2	2	2	0.0278	0.204	0	0
TCGA.NH.A50T.01A	0.83	0.55	0.236	4	4.19	4.16	0.28	0.27	0	0
TCGA.NH.A50U.01A	0.87	0.693	0.085	4	3.22	3.32	0.0208	0.672	0	0
TCGA.NH.A50V.01A	0.52	0.492	0.0616	2	1.84	1.92	0.176	0.316	0	0.0303
TCGA.NH.A5IV.01A	0.72	0.657	0.0252	4	3.97	3.98	0.274	0.383	0	0
TCGA.NH.A6GA.01A	0.87	0.418	0.519	4	3.65	3.69	0.0922	0.326	0	0
TCGA.NH.A6GB.01A	0.71	0.36	0.144	2	2.22	2.16	0.247	0.113	0.0148	0
TCGA.NH.A6GC.01A	0.91	0.691	0.139	4	3.36	3.41	0.129	0.562	0	0
TCGA.NH.A8F7.01A	0.96	0.377	0.11	2	1.91	1.91	0.0502	0.327	0.0387	0
TCGA.NH.A8F7.06A	0.98	0.444	0.135	2	1.88	1.89	0.098	0.346	0.0424	0
TCGA.NH.A8F8.01A	0.73	0.391	0.303	4	3.7	3.78	0.115	0.276	0	0
TCGA.QG.A5YV.01A	0.72	0.488	0.22	4	4.13	4.09	0.281	0.207	0	0
TCGA.QG.A5YW.01A	0.55	0.586	0.318	4	3.9	3.95	0.237	0.349	0	0
TCGA.QG.A5YX.01A	0.91	0.615	0.0653	2	2.14	2.13	0.387	0.228	0.0146	0
TCGA.QG.A5Z1.01A	0.8	0.5	0.0453	2	2.05	2.04	0.286	0.214	0.00485	0.00485
TCGA.QG.A5Z2.01A	0.71	0.474	0	2	2	2	0.252	0.222	0	0
TCGA.QL.A97D.01A	0.78	0.613	0.186	4	3.67	3.74	0.105	0.508	0	0
TCGA.RU.A8FL.01A	0.85	0.681	0.228	4	3.49	3.57	0.146	0.535	0	0
TCGA.SS.A7HO.01A	0.91	0.366	0.302	4	3.89	3.9	0.118	0.248	0	0
TCGA.T9.A92H.01A	0.82	0.249	0.0523	2	1.98	1.99	0.114	0.135	0	0
TCGA.WS.AB45.01A	0.25	0.186	0.514	2	2.04	2.01	0.0732	0.113	0.00348	0.0331
