sampleid	purity	PC	PoP	Euploidy	pl.tumor	pl.overall	%amp	%del	%del.loh	%cn.loh
TCGA.2E.A9G8.01A	0.91	0.517	0.0176	2	1.85	1.86	0.188	0.33	0.00364	0.00364
TCGA.4E.A92E.01A	0.52	0.165	0.178	2	2.06	2.03	0.0882	0.0768	0	0
TCGA.5B.A90C.01A	0.88	0.642	0.34	4	3.55	3.6	0.198	0.445	0	0
TCGA.5S.A9Q8.01A	0.98	0.272	0.0329	2	2.02	2.02	0.152	0.12	0.00896	0
TCGA.A5.A0G1.01A	0.39	0.0951	0.319	2	2.01	2	0.0607	0.0344	0	0.0304
TCGA.A5.A0G2.01A	0.36	0.349	0.282	2	1.98	1.99	0.169	0.18	0.00214	0
TCGA.A5.A0G3.01A	0.95	0.553	0.408	4	4.54	4.51	0.393	0.16	0	0
TCGA.A5.A0G5.01A	0.56	0.555	0.15	2	2.06	2.03	0.221	0.334	0.00173	0.0398
TCGA.A5.A0G9.01A	0.9	0.0886	0.178	2	2.06	2.06	0.0413	0.0472	0	0.0138
TCGA.A5.A0GA.01A	0.53	0.0749	0.275	2	2.06	2.03	0.0412	0.0337	0.00375	0.00936
TCGA.A5.A0GB.01A	0.9	0.155	0.0658	2	2.03	2.03	0.0713	0.0835	0	0.00815
TCGA.A5.A0GD.01A	0.75	0.236	0	2	1.99	1.99	0.0947	0.141	0	0
TCGA.A5.A0GE.01A	0.59	0.37	0.497	2	2.1	2.06	0.159	0.211	0	0.167
TCGA.A5.A0GG.01A	0.28	0.361	0.117	2	2.06	2.02	0.272	0.0891	0.00938	0
TCGA.A5.A0GH.01A	0.96	0.0636	0.0312	2	1.99	1.99	0.0139	0.0497	0.00199	0
TCGA.A5.A0GJ.01A	0.82	0.482	0.246	2	1.88	1.9	0.177	0.305	0.0971	0.00971
TCGA.A5.A0GM.01A	0.64	0.0265	0	2	2	2	0	0.0265	0	0
TCGA.A5.A0GN.01A	0.8	0.597	0.00319	2	2.39	2.31	0.433	0.164	0	0
TCGA.A5.A0GP.01A	0.85	0.0372	0	2	2	2	0.0176	0.0196	0	0
TCGA.A5.A0GQ.01A	0.24	0.61	0.0337	2	1.91	1.98	0.121	0.489	0.00411	0
TCGA.A5.A0GR.01A	0.46	0.452	0.179	2	1.78	1.9	0.116	0.336	0.0687	0
TCGA.A5.A0GU.01A	0.43	0.243	0.188	2	2.17	2.07	0.141	0.102	0	0
TCGA.A5.A0GV.01A	0.09	0.377	0.471	2	4.28	2.2	0.292	0.0847	0.0988	0.0101
TCGA.A5.A0GW.01A	0.81	0.0743	0	2	2.03	2.02	0.0594	0.0149	0	0
TCGA.A5.A0GX.01A	0.88	0.0544	0	2	2	2	0.0136	0.0408	0	0
TCGA.A5.A0R6.01A	0.58	0.256	0.627	4	3.86	3.92	0.0485	0.207	0	0
TCGA.A5.A0R7.01A	0.74	0.292	0.0447	2	1.83	1.88	0.0571	0.235	0.0131	0
TCGA.A5.A0R8.01A	0.13	0.0736	0.541	2	2.02	2	0.0596	0.0139	0.0119	0.00795
TCGA.A5.A0R9.01A	0.59	0.237	0.216	2	2.06	2.04	0.131	0.106	0	0
TCGA.A5.A0RA.01A	0.72	0.00975	0	2	2	2	0.00139	0.00836	0	0
TCGA.A5.A0VP.01A	0.75	0.541	0.101	2	1.89	1.92	0.216	0.325	0.0548	0
TCGA.A5.A0VQ.01A	0.9	0.0222	0	2	2	2	0.0133	0.00888	0	0
TCGA.A5.A1OF.01A	0.99	0.0191	0	2	2	2	0.00441	0.0147	0	0
TCGA.A5.A1OG.01A	0.78	0.442	0.0797	2	1.94	1.95	0.122	0.32	0.0064	0.0144
TCGA.A5.A1OH.01A	0.79	0.59	0.192	4	3.81	3.85	0.205	0.385	0	0
TCGA.A5.A1OJ.01A	0.43	0.0508	0.742	2	2.07	2.03	0.0426	0.0082	0	0
TCGA.A5.A1OK.01A	0.76	0.469	0.0845	2	2.07	2.05	0.234	0.234	0	0
TCGA.A5.A2K2.01A	0.87	0.459	0.313	4	3.97	3.98	0.21	0.25	0	0
TCGA.A5.A2K3.01A	0.2	0.0826	0.455	2	2.07	2.01	0.0315	0.0511	0.0135	0.003
TCGA.A5.A2K4.01A	0.64	0.345	0.304	4	3.63	3.76	0.0553	0.29	0	0
TCGA.A5.A2K5.01A	0.79	0.153	0	2	2	2	0.0804	0.0729	0	0
TCGA.A5.A2K7.01A	0.12	0.249	0.679	2	1.96	2	0.0854	0.163	0.093	0.0512
TCGA.A5.A3LO.01A	0.53	0.609	0.4	4	3.52	3.74	0.0112	0.597	0	0
TCGA.A5.A3LP.01A	0.74	0.712	0.374	4	3.72	3.79	0.216	0.496	0	0
TCGA.A5.A7WJ.01A	0.1	0.225	0.708	2	2.64	2.06	0.107	0.118	0.118	0.0121
TCGA.A5.A7WK.01A	0.94	0.447	0.201	2	1.84	1.85	0.176	0.271	0.0862	0
TCGA.A5.AB3J.01A	0.44	0.504	0.0246	2	2.14	2.06	0.27	0.233	0	0.00707
TCGA.AJ.A23N.01A	0.64	0.58	0.397	4	3.76	3.85	0.191	0.389	0	0
TCGA.AJ.A2QK.01A	0.65	0.241	0.432	4	3.69	3.8	0.0256	0.216	0	0
TCGA.AJ.A2QL.01A	0.68	0.355	0	2	1.98	1.98	0.0986	0.256	0	0
TCGA.AJ.A2QM.01A	0.88	0.405	0.141	2	1.91	1.92	0.129	0.276	0.0441	0.00327
TCGA.AJ.A2QN.01A	0.63	0.279	0.015	2	1.98	1.99	0.0489	0.23	0.00419	0
TCGA.AJ.A2QO.01A	0.95	0.068	0	2	2	2	0.0249	0.0431	0	0
TCGA.AJ.A3BD.01A	0.8	0.643	0.231	4	3.86	3.89	0.286	0.357	0	0
TCGA.AJ.A3BF.01A	0.78	0.587	0.0769	2	1.78	1.83	0.177	0.41	0.0379	0.00542
TCGA.AJ.A3BG.01A	0.95	0.0635	0.0541	2	1.99	1.99	0.0257	0.0377	0.00343	0
TCGA.AJ.A3BH.01A	0.66	0.128	0.0667	2	2.01	2.01	0.0445	0.0839	0.00685	0.00171
TCGA.AJ.A3BI.01A	0.82	0.483	0.0413	2	1.82	1.86	0.0706	0.413	0.0184	0
TCGA.AJ.A3BK.01A	0.47	0.265	0.101	2	2.22	2.1	0.2	0.0654	0	0
TCGA.AJ.A3EJ.01A	0.73	0.537	0.233	4	3.54	3.67	0.102	0.436	0	0
TCGA.AJ.A3EK.01A	0.19	0.0793	0.159	2	2.01	2	0.0396	0.0396	0	0.0036
TCGA.AJ.A3EL.01A	0.97	0.0768	0	2	2	2	0.0303	0.0465	0	0
TCGA.AJ.A3EM.01A	0.83	0.613	0.447	4	3.49	3.58	0.122	0.491	0	0
TCGA.AJ.A3I9.01A	0.95	0.253	0.154	2	1.89	1.9	0.076	0.177	0.039	0
TCGA.AJ.A3IA.01A	0.57	0.622	0.138	2	1.91	1.95	0.241	0.381	0.00547	0.0292
TCGA.AJ.A3NC.01A	0.68	0.303	0.16	2	2.13	2.09	0.132	0.171	0	0
TCGA.AJ.A3NE.01A	0.73	0.131	0.0814	2	1.99	1.99	0.0549	0.0762	0.00305	0.00762
TCGA.AJ.A3NF.01A	0.17	0.36	0.452	2	1.95	1.99	0.163	0.197	0.09	0.0329
TCGA.AJ.A3NG.01A	0.81	0.455	0.157	2	2.15	2.12	0.218	0.238	0	0.0139
TCGA.AJ.A3NH.01A	0.71	0.721	0.0632	2	1.64	1.74	0.182	0.539	0.0356	0.00198
TCGA.AJ.A3OJ.01A	0.75	0.695	0	2	1.99	1.99	0.296	0.4	0	0
TCGA.AJ.A3OK.01A	0.84	0.142	0	2	2	2	0.0657	0.0764	0	0
TCGA.AJ.A3OL.01A	0.89	0.245	0.0621	2	2.1	2.09	0.139	0.106	0	0
TCGA.AJ.A3QS.01A	0.58	0.561	0.37	4	3.99	3.99	0.235	0.326	0	0
TCGA.AJ.A3TW.01A	0.67	0.623	0.28	4	3.97	3.98	0.225	0.398	0	0
TCGA.AJ.A5DV.01A	0.06	0.387	1	2	2.01	2	0.19	0.198	0.228	0.21
TCGA.AJ.A5DW.01A	0.08	0.324	0.995	2	2	2	0.169	0.155	0.249	0.07
TCGA.AJ.A6NU.01A	0.37	0.351	0.0928	2	1.86	1.95	0.12	0.232	0.0181	0
TCGA.AJ.A8CT.01A	0.82	0.232	0	2	2	2	0.117	0.115	0	0
TCGA.AJ.A8CV.01A	0.71	0.0533	0	2	2	2	0.00952	0.0438	0	0
TCGA.AJ.A8CW.01A	0.38	0.312	0.217	2	2.25	2.09	0.153	0.159	0	0
TCGA.AP.A051.01A	0.72	0.126	0.0328	2	2.06	2.04	0.0392	0.0866	0	0.00412
TCGA.AP.A052.01A	0.93	0.189	0.376	2	1.87	1.88	0.0212	0.168	0.0711	0
TCGA.AP.A053.01A	0.96	0.24	0.183	2	1.96	1.96	0.11	0.129	0.0417	0
TCGA.AP.A054.01A	0.47	0.0425	0.625	2	2.07	2.03	0.0407	0.00177	0	0
TCGA.AP.A056.01A	0.69	0.169	0	2	1.99	1.99	0.0473	0.121	0	0
TCGA.AP.A059.01A	0.79	0.105	0	2	1.99	1.99	0.0186	0.0866	0	0
TCGA.AP.A05A.01A	0.98	0.252	0.14	2	2.04	2.04	0.157	0.0959	0.0352	0
TCGA.AP.A05D.01A	0.82	0.464	0.248	4	3.61	3.68	0.0965	0.368	0	0
TCGA.AP.A05H.01A	0.95	0.883	0.11	4	2.98	3.03	0.0428	0.84	0	0.00195
TCGA.AP.A05J.01A	0.97	0.306	0.259	2	1.89	1.89	0.113	0.192	0.0791	0
TCGA.AP.A05N.01A	0.93	0.0896	0.136	2	2	2	0.0305	0.0591	0	0.0122
TCGA.AP.A05O.01A	0.54	0.256	0.0365	2	2.02	2.01	0.144	0.112	0	0
TCGA.AP.A05P.01A	0.49	0.0758	0.512	2	2.08	2.04	0.0494	0.0265	0	0
TCGA.AP.A0L8.01A	0.95	0.741	0.311	4	3.45	3.48	0.171	0.57	0	0
TCGA.AP.A0L9.01A	0.96	0.74	0.397	4	4.13	4.12	0.338	0.403	0	0.0134
TCGA.AP.A0LD.01A	0.64	0.317	0.195	2	2.14	2.09	0.191	0.126	0	0
TCGA.AP.A0LE.01A	0.97	0.133	0.162	2	2.03	2.02	0.0955	0.037	0	0.0214
TCGA.AP.A0LF.01A	0.45	0.632	0.298	2	2.25	2.11	0.357	0.275	0	0.117
TCGA.AP.A0LG.01A	0.15	0.0481	0.423	2	2	2	0.0111	0.037	0.0037	0.0111
TCGA.AP.A0LH.01A	0.9	0.153	0.0854	2	2.01	2.01	0.069	0.084	0.0112	0
TCGA.AP.A0LI.01A	0.61	0.609	0.62	4	3.37	3.62	0.101	0.508	0	0
TCGA.AP.A0LJ.01A	0.65	0.0838	0.0222	2	2.04	2.02	0.0521	0.0317	0	0
TCGA.AP.A0LL.01A	0.96	0.118	0.218	2	2.06	2.06	0.0538	0.0645	0	0.0258
TCGA.AP.A0LM.01A	0.7	0.265	0	2	1.99	2	0.129	0.136	0	0
TCGA.AP.A0LN.01A	0.47	0.0538	0.758	2	2.1	2.05	0.0538	0	0	0
TCGA.AP.A0LO.01A	0.15	0.398	0.844	2	3.38	2.21	0.33	0.0685	0.0207	0.0104
TCGA.AP.A0LP.01A	0.04	0.071	1	2	2	2	0.0397	0.0313	0.0501	0.0605
TCGA.AP.A0LQ.01A	0.63	0.263	0	2	2.04	2.02	0.131	0.131	0	0
TCGA.AP.A0LS.01A	0.9	0.147	0.561	4	3.99	3.99	0.037	0.11	0	0
TCGA.AP.A0LT.01A	0.99	0.204	0	2	2	2	0.0638	0.14	0	0
TCGA.AP.A0LV.01A	0.63	0.374	0	2	2	2	0.171	0.203	0	0
TCGA.AP.A1DH.01A	0.97	0.162	0	2	2	2	0.0534	0.108	0	0
TCGA.AP.A1DK.01A	0.54	0.153	0.0128	2	1.99	1.99	0.0235	0.129	0	0.00196
TCGA.AP.A1DM.01A	0.16	0.105	0.541	2	2.12	2.02	0.0481	0.0567	0.00687	0.0103
TCGA.AP.A1DO.01A	0.74	0.406	0.103	2	2.21	2.15	0.259	0.147	0	0
TCGA.AP.A1DP.01A	0.95	0.0652	1	2	2.06	2.06	0.0406	0.0246	0	0.0246
TCGA.AP.A1DR.01A	0.14	0.0189	0.429	2	2	2	0.00135	0.0176	0.00271	0.00406
TCGA.AP.A1E0.01A	0.48	0.0999	0.0227	2	2	2	0.0613	0.0386	0	0.00227
TCGA.AP.A1E1.01A	0.35	0.226	0.149	2	2.14	2.05	0.104	0.122	0	0.00147
TCGA.AP.A1E3.01A	0.42	0.325	0.0116	2	2.04	2.01	0.18	0.146	0	0.00378
TCGA.AP.A1E4.01A	0.53	0.213	0.0957	2	2.29	2.15	0.184	0.0297	0	0
TCGA.AP.A3K1.01A	0.85	0.634	0.509	6	5.31	5.41	0.112	0.522	0	0
TCGA.AP.A5FX.01A	0.64	0.526	0.0552	2	1.96	1.97	0.194	0.332	0.00544	0.0145
TCGA.AX.A05Y.01A	0.53	0.0427	0.857	2	2.06	2.03	0.0397	0.00305	0	0
TCGA.AX.A05Z.01A	0.47	0.167	0.119	2	2.01	2.01	0.0895	0.0775	0	0
TCGA.AX.A063.01A	0.7	0.0444	0.233	2	2.04	2.03	0.0341	0.0104	0	0
TCGA.AX.A064.01A	0.99	0.104	0.37	2	2.06	2.06	0.0436	0.0603	0	0
TCGA.AX.A06D.01A	0.76	0.591	0.0847	4	4.2	4.15	0.225	0.366	0	0
TCGA.AX.A06H.01A	0.71	0.388	0	2	2	2	0.171	0.217	0	0
TCGA.AX.A06L.01A	0.95	0.194	0.0656	4	4	4	0.109	0.0847	0	0
TCGA.AX.A0IS.01A	0.85	0.231	0.116	2	2.11	2.09	0.145	0.086	0.00382	0.0229
TCGA.AX.A0IU.01A	0.82	0.248	0.316	2	2.02	2.02	0.0895	0.159	0.0126	0.0126
TCGA.AX.A0IW.01A	0.83	0.75	0.195	2	2.4	2.33	0.484	0.266	0.00407	0.0772
TCGA.AX.A0IZ.01A	0.99	0.0659	0.0256	2	1.99	1.99	0.00676	0.0591	0	0.00169
TCGA.AX.A0J0.01A	0.57	0.00163	0	2	2	2	0	0.00163	0	0
TCGA.AX.A0J1.01A	0.8	0.152	0.0135	2	2.07	2.05	0.0676	0.084	0	0.00205
TCGA.AX.A1C4.01A	0.95	0.182	0.0549	2	2.08	2.08	0.106	0.0762	0	0.01
TCGA.AX.A1C5.01A	0.19	0.0731	0.189	2	2.02	2	0.0237	0.0494	0.00593	0.00198
TCGA.AX.A1C7.01A	0.98	0.317	0.53	4	4	4	0.12	0.197	0	0.0515
TCGA.AX.A1C8.01A	0.67	0.391	0.187	2	1.94	1.96	0.156	0.235	0.0527	0
TCGA.AX.A1C9.01A	0.81	0.13	0.325	2	1.9	1.92	0.00651	0.124	0.0375	0.00489
TCGA.AX.A1CA.01A	0.78	0.714	0.491	6	5.14	5.33	0.1	0.613	0	0
TCGA.AX.A1CC.01A	0.2	0.112	0.237	2	2.03	2.01	0.0381	0.0743	0.00571	0.0133
TCGA.AX.A1CE.01A	0.98	0.238	0	2	2	2	0.0813	0.157	0	0
TCGA.AX.A1CF.01A	0.76	0.58	0.13	2	1.72	1.78	0.109	0.471	0.0403	0.0228
TCGA.AX.A1CI.01A	0.94	0.151	0	2	2.01	2.01	0.0638	0.087	0	0
TCGA.AX.A1CJ.01A	0.74	0.135	0.103	2	2.07	2.05	0.0898	0.0449	0	0.00864
TCGA.AX.A1CK.01A	0.95	0.176	0.0538	2	2.1	2.1	0.11	0.0664	0	0.00949
TCGA.AX.A1CN.01A	0.92	0.129	0.261	2	1.93	1.94	0.0088	0.12	0.0308	0.00293
TCGA.AX.A1CP.01A	0.65	0.324	0.0299	2	1.86	1.91	0.0853	0.238	0.00388	0.00581
TCGA.AX.A1CR.01A	0.79	0.499	0.444	4	3.67	3.74	0.211	0.288	0	0
TCGA.AX.A2H2.01A	0.72	0.69	0.358	4	4.03	4.02	0.277	0.413	0	0
TCGA.AX.A2H4.01A	0.62	0.754	0.321	4	3.7	3.81	0.211	0.544	0	0
TCGA.AX.A2H5.01A	0.96	0.319	0.733	4	3.8	3.8	0.0797	0.239	0	0
TCGA.AX.A2H7.01A	0.33	0.449	0.375	2	2.63	2.21	0.231	0.217	0	0
TCGA.AX.A2H8.01A	0.78	0.241	0.146	2	1.89	1.91	0.0616	0.18	0.0246	0.00528
TCGA.AX.A2HA.01A	0.44	0.315	0.15	2	2.18	2.08	0.137	0.179	0	0
TCGA.AX.A2HC.01A	0.7	0.439	0.0905	2	2.12	2.09	0.264	0.175	0	0
TCGA.AX.A2HD.01A	0.91	0.0397	0.0952	2	1.99	1.99	0.0151	0.0246	0.00378	0
TCGA.AX.A2HF.01A	0.89	0.501	0.394	2	1.71	1.74	0.126	0.375	0.196	0
TCGA.AX.A2HG.01A	0.99	0.0148	0	2	2	2	0	0.0148	0	0
TCGA.AX.A2HH.01A	0.94	0.342	0.533	4	4.43	4.4	0.255	0.0875	0	0
TCGA.AX.A2HJ.01A	0.88	0.0871	0.122	2	1.98	1.99	0.0247	0.0624	0.00941	0.00118
TCGA.AX.A2HK.01A	0.93	0.449	0.377	4	3.87	3.88	0.142	0.306	0	0
TCGA.AX.A2IN.01A	0.15	0.162	0.5	2	2.15	2.02	0.058	0.104	0.0351	0.0168
TCGA.AX.A2IO.01A	0.71	0.323	0.0981	2	1.84	1.88	0.0514	0.272	0	0.0302
TCGA.AX.A3FS.01A	0.87	0.355	0.0506	2	1.96	1.97	0.137	0.217	0.0179	0
TCGA.AX.A3FT.01A	0.59	0.138	0.375	2	2.06	2.03	0.0632	0.0747	0	0.00383
TCGA.AX.A3FV.01A	0.94	0.641	0.127	2	1.66	1.68	0.0864	0.554	0.078	0
TCGA.AX.A3FW.01A	0.94	0.238	0.636	4	4.11	4.11	0.113	0.125	0	0
TCGA.AX.A3FX.01A	0.85	0.261	0.116	2	1.93	1.94	0.0728	0.188	0.0124	0.00888
TCGA.AX.A3FZ.01A	0.95	0.451	0.26	4	3.72	3.73	0.0224	0.429	0	0.0187
TCGA.AX.A3G1.01A	0.7	0.517	0.103	2	1.84	1.89	0.148	0.369	0.00986	0.0414
TCGA.AX.A3G3.01A	0.79	0.571	0.337	4	3.68	3.75	0.174	0.397	0	0
TCGA.AX.A3G4.01A	0.73	0.497	0.0804	2	1.78	1.84	0.141	0.357	0.0191	0
TCGA.AX.A3G6.01A	0.92	0.424	0.29	4	4.23	4.21	0.255	0.169	0	0
TCGA.AX.A3G7.01A	0.78	0.239	0.163	2	1.9	1.92	0.0459	0.193	0.0389	0
TCGA.AX.A3G8.01A	0.93	0.08	0.196	2	2.07	2.07	0.0504	0.0296	0	0.0122
TCGA.AX.A3G9.01A	0.87	0.309	0	2	1.99	1.99	0.0927	0.217	0	0
TCGA.AX.A3GB.01A	0.55	0.0896	0.286	2	2.06	2.04	0.0402	0.0494	0	0.00366
TCGA.AX.A3GI.01A	0.94	0.692	0.353	4	3.22	3.27	0.0903	0.602	0	0
TCGA.B5.A0JN.01A	0.89	0.601	0.275	4	3.61	3.65	0.106	0.495	0	0
TCGA.B5.A0JR.01A	0.42	0.18	0.241	2	2.3	2.13	0.16	0.0207	0	0
TCGA.B5.A0JS.01A	0.73	0.285	0.00714	2	2	2	0.0876	0.198	0	0.00204
TCGA.B5.A0JT.01A	0.55	0.144	0.0175	2	2.04	2.02	0.0646	0.0797	0	0
TCGA.B5.A0JU.01B	0.91	0.145	0	2	2	2	0.0638	0.0813	0	0
TCGA.B5.A0JV.01A	0.53	0.154	0.0366	2	2.06	2.03	0.0996	0.0545	0	0
TCGA.B5.A0JX.01A	0.62	0.398	0.124	2	2	2	0.0934	0.305	0	0.044
TCGA.B5.A0JY.01A	0.99	0.0668	0	2	2	2	0.0236	0.0432	0	0
TCGA.B5.A0JZ.01A	0.77	0.0255	0	2	2	2	0.00392	0.0216	0	0
TCGA.B5.A0K0.01A	0.76	0.16	0	2	2.09	2.07	0.129	0.0311	0	0
TCGA.B5.A0K1.01A	0.05	0	NaN	2	2.04	2	0	0	0	0
TCGA.B5.A0K2.01A	0.59	0.00737	0	2	2	2	0	0.00737	0	0
TCGA.B5.A0K3.01A	0.83	0.25	0.142	2	1.85	1.87	0.0422	0.208	0.0186	0
TCGA.B5.A0K4.01A	0.89	0.444	0.0622	2	2.25	2.22	0.346	0.0976	0	0.0276
TCGA.B5.A0K6.01A	0.86	0.0628	0.0263	2	2.02	2.01	0.0397	0.0231	0.00165	0
TCGA.B5.A0K7.01A	0.56	0.365	0.26	2	2.21	2.12	0.212	0.153	0	0
TCGA.B5.A0K8.01A	0.71	0.593	0.196	4	3.69	3.78	0.247	0.347	0	0
TCGA.B5.A0K9.01A	0.61	0.266	0.0143	2	2.11	2.06	0.15	0.116	0	0.0019
TCGA.B5.A0KB.01B	0.76	0.12	0.103	2	1.99	1.99	0.0207	0.0992	0	0
TCGA.B5.A11E.01A	0.81	0.425	0.00877	2	2.1	2.08	0.201	0.223	0.00186	0
TCGA.B5.A11F.01A	0.83	0.211	0.118	2	2.03	2.02	0.136	0.0747	0.00192	0.023
TCGA.B5.A11G.01A	0.69	0.438	0	2	1.96	1.98	0.165	0.273	0	0
TCGA.B5.A11H.01A	0.78	0.0757	0.0179	2	2.01	2.01	0.0324	0.0432	0	0.00135
TCGA.B5.A11I.01A	0.77	0.331	0.0837	2	1.87	1.9	0.0541	0.277	0.0208	0.00139
TCGA.B5.A11J.01A	0.99	0.0387	0	2	2	2	0.023	0.0157	0	0
TCGA.B5.A11L.01B	0.65	0.154	0	2	2.08	2.05	0.122	0.0325	0	0
TCGA.B5.A11N.01A	0.52	0.0849	0	2	1.97	1.98	0.0191	0.0659	0	0
TCGA.B5.A11O.01A	0.99	0.228	0	2	2	2	0.0773	0.151	0	0
TCGA.B5.A11P.01B	0.9	0.717	0.409	4	4.97	4.87	0.593	0.125	0	0
TCGA.B5.A11Q.01A	0.96	0.294	0.356	4	4.21	4.2	0.172	0.123	0	0
TCGA.B5.A11R.01A	0.44	0.603	0.231	2	2.64	2.28	0.477	0.126	0	0
TCGA.B5.A11S.01A	0.55	0.526	0.196	2	2.27	2.15	0.346	0.181	0	0
TCGA.B5.A11U.01A	0.56	0.511	0	2	1.96	1.98	0.0755	0.435	0	0
TCGA.B5.A11V.01A	0.45	0.354	0.105	2	2.22	2.1	0.227	0.126	0	0
TCGA.B5.A11W.01A	0.86	0.706	0.0377	4	3.94	3.95	0.192	0.513	0	0
TCGA.B5.A11Y.01A	0.84	0.0298	0	2	2	2	0.00406	0.0257	0	0
TCGA.B5.A11Z.01A	0.87	0.211	0.0625	2	2.06	2.05	0.109	0.102	0	0.0113
TCGA.B5.A121.01A	0.53	0.652	0.00595	2	1.91	1.95	0.13	0.522	0	0.00388
TCGA.B5.A1MR.01A	0.65	0.0608	0.512	2	2.04	2.03	0.0396	0.0212	0	0
TCGA.B5.A1MU.01A	0.23	0.495	0.542	2	2.06	2.01	0.183	0.312	0.162	0.0208
TCGA.B5.A1MV.01A	0.61	0.0484	0	2	2.04	2.03	0.0397	0.00864	0	0
TCGA.B5.A1MW.01A	0.79	0.314	0	2	2.11	2.09	0.181	0.133	0	0
TCGA.B5.A1MX.01A	0.69	0.108	0	2	2	2	0.0373	0.0711	0	0
TCGA.B5.A1MY.01A	0.82	0.837	0.148	4	3.13	3.29	0.114	0.722	0	0
TCGA.B5.A1MZ.01A	0.87	0.184	0.0103	2	2.07	2.06	0.101	0.0837	0	0
TCGA.B5.A1N2.01A	0.83	0.593	0.0574	2	1.91	1.92	0.153	0.44	0.00929	0
TCGA.B5.A3F9.01A	0.15	0.2	0.331	2	1.98	2	0.107	0.093	0.0324	0.0141
TCGA.B5.A3FA.01A	0.1	0.176	0.938	2	2	2	0.101	0.0754	0.123	0.0165
TCGA.B5.A3FB.01A	0.9	0.0201	0	2	2	2	0.00755	0.0126	0	0
TCGA.B5.A3FC.01A	0.1	0.389	0.914	2	2.02	2	0.225	0.164	0.221	0.0589
TCGA.B5.A3FD.01A	0.88	0.44	0.237	2	1.72	1.75	0.0618	0.378	0.104	0
TCGA.B5.A3FH.01A	0.85	0.359	0.032	2	2.07	2.06	0.195	0.164	0.00164	0.00984
TCGA.B5.A3S1.01A	0.87	0.471	0.204	4	3.69	3.73	0.096	0.375	0	0
TCGA.B5.A5OD.01A	0.84	0.817	0.324	4	3.36	3.46	0.206	0.611	0	0
TCGA.B5.A5OE.01A	0.94	0.514	0.161	4	3.65	3.68	0.15	0.364	0	0
TCGA.BG.A0LW.01A	0.99	0.0139	0.125	2	2	2	0.00173	0.0121	0	0.00173
TCGA.BG.A0LX.01A	0.82	0.167	0.148	2	2.07	2.05	0.0907	0.0763	0	0.0247
TCGA.BG.A0M0.01A	0.75	0.148	0.562	2	2.21	2.16	0.135	0.0127	0	0
TCGA.BG.A0M2.01A	0.81	0.537	0.108	2	2.2	2.16	0.349	0.188	0.00998	0.0479
TCGA.BG.A0M3.01A	0.7	0.278	0.551	2	2.22	2.15	0.207	0.0704	0	0
TCGA.BG.A0M4.01A	0.77	0.288	0	2	2.17	2.13	0.215	0.0731	0	0
TCGA.BG.A0M6.01A	0.83	0.728	0.362	4	3.24	3.37	0.0832	0.645	0	0
TCGA.BG.A0M7.01A	0.78	0.108	0.0189	2	1.99	2	0.0142	0.0935	0	0.00203
TCGA.BG.A0M8.01A	0.67	0.205	0.116	2	1.97	1.98	0.0414	0.164	0.00318	0.00637
TCGA.BG.A0M9.01A	0.82	0.166	0.0488	2	2.05	2.04	0.073	0.0933	0	0.00811
TCGA.BG.A0MA.01A	0.45	0.0578	1	2	2.11	2.05	0.0578	0	0	0
TCGA.BG.A0MC.01A	0.67	0.113	0.228	2	2	2	0.0395	0.0731	0.00791	0.0138
TCGA.BG.A0MG.01A	0.86	0.124	0.892	4	4.15	4.13	0.0957	0.0284	0	0
TCGA.BG.A0MI.01A	0.9	0.0584	0.516	2	2	2	0.00377	0.0546	0	0.0301
TCGA.BG.A0MK.01A	0.76	0.235	0.119	2	2	2	0.153	0.0819	0	0.0279
TCGA.BG.A0MO.01A	0.93	0.434	0.0187	2	2.02	2.02	0.249	0.185	0.00811	0
TCGA.BG.A0MQ.01A	0.19	0.152	0.487	2	2.26	2.05	0.108	0.0441	0.00802	0.00601
TCGA.BG.A0MS.01A	0.36	0.168	0.881	2	2.33	2.12	0.16	0.00832	0	0
TCGA.BG.A0MT.01A	0.84	0.194	0.0396	2	2.1	2.08	0.127	0.0672	0.00768	0
TCGA.BG.A0MU.01A	0.95	0.081	0.947	4	4.06	4.06	0.0412	0.0398	0	0
TCGA.BG.A0RY.01A	0.71	0.396	0.491	2	2.45	2.32	0.351	0.0449	0	0
TCGA.BG.A0VT.01A	0.73	0.235	0.0318	2	1.99	2	0.0975	0.138	0.003	0.003
TCGA.BG.A0VV.01A	0.66	0.268	0	2	2	2	0.0797	0.188	0	0
TCGA.BG.A0VW.01A	0.75	0.0586	0.171	2	1.98	1.99	0	0.0586	0.00168	0.00838
TCGA.BG.A0VX.01A	0.99	0.21	0	2	2	2	0.0882	0.122	0	0
TCGA.BG.A0VZ.01A	0.77	0.15	0	2	1.99	1.99	0.0531	0.0971	0	0
TCGA.BG.A0W1.01A	0.77	0.515	0.0353	2	2.22	2.17	0.347	0.167	0	0
TCGA.BG.A0W2.01A	0.5	0.217	0.128	2	2.09	2.04	0.143	0.0741	0	0
TCGA.BG.A0YU.01A	0.83	0.131	0.0429	2	2	2	0.0616	0.069	0.0056	0
TCGA.BG.A0YV.01A	0.9	0.382	0.296	4	3.88	3.9	0.134	0.249	0	0
TCGA.BG.A186.01A	0.81	0.308	0	2	2.02	2.01	0.157	0.151	0	0
TCGA.BG.A187.01A	0.19	0.205	0.421	2	2.19	2.04	0.0932	0.112	0.0153	0.00508
TCGA.BG.A18A.01A	0.63	0.167	0	2	2.05	2.03	0.0833	0.0833	0	0
TCGA.BG.A18B.01A	0.95	0.0424	0.37	2	2	2	0.011	0.0314	0	0.0157
TCGA.BG.A18C.01A	0.85	0.489	0.105	2	1.66	1.71	0.0668	0.422	0.0496	0.00191
TCGA.BG.A2AD.01A	0.9	0.145	0.0233	2	2	2	0.0487	0.0958	0	0.00336
TCGA.BG.A2AE.01A	0.68	0.221	0.0376	2	2	2	0.0862	0.134	0	0
TCGA.BG.A2L7.01A	0.84	0.00676	0	2	2	2	0	0.00676	0	0
TCGA.BG.A3EW.01A	0.91	0.0725	0.654	2	2.07	2.07	0.0418	0.0307	0	0.00697
TCGA.BG.A3PP.01A	0.73	0.48	0.427	4	3.72	3.8	0.128	0.352	0	0
TCGA.BK.A0C9.01A	0.78	0.513	0.108	2	2.4	2.31	0.448	0.0645	0	0.00179
TCGA.BK.A0CA.01A	0.99	0.585	0	2	1.99	1.99	0.274	0.311	0	0
TCGA.BK.A0CA.01B	0.13	0.406	0.39	2	1.99	2	0.195	0.211	0.0826	0.0422
TCGA.BK.A0CB.01A	0.12	0.0342	0.824	2	2.03	2	0.0141	0.0201	0.0101	0.0101
TCGA.BK.A0CC.01A	0.84	0.756	0.294	4	3.51	3.59	0.146	0.61	0	0
TCGA.BK.A0CC.01B	0.22	0.335	0.196	2	2.16	2.04	0.186	0.149	0.0219	0
TCGA.BK.A139.01A	0.57	0.813	0.362	4	3.63	3.79	0.284	0.529	0	0
TCGA.BK.A139.01C	0.18	0.36	0.303	2	1.95	1.99	0.169	0.191	0.0494	0.0267
TCGA.BK.A139.02A	0.72	0.837	0.486	4	3.14	3.38	0.167	0.671	0	0
TCGA.BK.A13B.01A	0.83	0.144	0.0233	2	2.08	2.06	0.0923	0.052	0	0
TCGA.BK.A13C.01A	0.91	0.22	0.104	2	2.06	2.06	0.0898	0.13	0	0.0229
TCGA.BK.A26L.01A	0.75	0.453	0.0505	2	1.8	1.85	0.049	0.404	0.0098	0.00817
TCGA.BK.A26L.01C	0.46	0.261	0.1	2	2	2	0.116	0.145	0	0.0147
TCGA.BK.A4ZD.01A	0.81	0.698	0.324	4	4.58	4.47	0.436	0.262	0	0
TCGA.BK.A56F.01A	0.67	0.416	0	2	2	2	0.151	0.265	0	0
TCGA.BK.A6W3.01A	0.76	0.238	0	2	2	2	0.118	0.12	0	0
TCGA.BK.A6W4.01A	0.61	0.329	0	2	2	2	0.163	0.166	0	0
TCGA.BS.A0TA.01A	0.41	0.145	0	2	1.99	2	0.0307	0.115	0	0
TCGA.BS.A0TC.01A	0.93	0.0542	0.341	2	2	2	0.00397	0.0503	0	0.0185
TCGA.BS.A0TD.01A	0.13	0.0426	0.72	2	1.99	2	0.00852	0.0341	0.0153	0.00681
TCGA.BS.A0TE.01A	0.66	0.774	0.151	2	1.43	1.62	0.0803	0.694	0.117	0
TCGA.BS.A0TG.01A	0.76	0.266	0.00769	2	2.04	2.03	0.109	0.158	0	0.00205
TCGA.BS.A0TI.01A	0.73	0.586	0.115	2	1.9	1.93	0.168	0.417	0.0264	0.0066
