sampleid	purity	PC	PoP	Euploidy	pl.tumor	pl.overall	%amp	%del	%del.loh	%cn.loh
TCGA.2F.A9KO.01A	0.42	0.6	0.168	2	2.1	2.04	0.35	0.25	0	0.0634
TCGA.2F.A9KP.01A	0.84	0.355	0.131	4	4	4	0.208	0.147	0	0
TCGA.2F.A9KQ.01A	0.96	0.147	0.258	2	1.99	1.99	0.0484	0.0983	0.0151	0
TCGA.2F.A9KR.01A	0.91	0.319	0.155	2	1.74	1.76	0.0353	0.284	0.0476	0
TCGA.2F.A9KT.01A	0.6	0.526	0.446	4	3.62	3.77	0.148	0.379	0	0
TCGA.2F.A9KW.01A	0.71	0.538	0.0561	2	1.83	1.88	0.213	0.325	0.0213	0
TCGA.4Z.AA7M.01A	0.71	0.585	0.207	4	4.09	4.06	0.22	0.365	0	0
TCGA.4Z.AA7N.01A	0.13	0.138	0.696	2	2	2	0.0523	0.0854	0.0523	0.0192
TCGA.4Z.AA7O.01A	0.84	0.324	0.201	2	1.86	1.88	0.112	0.212	0.0635	0
TCGA.4Z.AA7Q.01A	0.22	0.263	0.452	2	2.08	2.02	0.163	0.1	0.0883	0.0034
TCGA.4Z.AA7R.01A	0.96	0.617	0.141	4	3.92	3.92	0.197	0.42	0	0.029
TCGA.4Z.AA7S.01A	0.89	0.454	0.0579	4	4.15	4.13	0.338	0.116	0	0
TCGA.4Z.AA7W.01A	0.22	0.344	0.215	2	1.94	1.99	0.155	0.188	0.033	0
TCGA.4Z.AA7Y.01A	0.92	0.339	0.0734	2	2	2	0.14	0.199	0.0109	0
TCGA.4Z.AA80.01A	0.72	0.581	0.297	4	3.82	3.87	0.207	0.374	0	0
TCGA.4Z.AA81.01A	0.68	0.495	0.432	4	4	4	0.183	0.312	0	0
TCGA.4Z.AA82.01A	0.71	0.597	0.315	4	4.1	4.07	0.336	0.26	0	0
TCGA.4Z.AA83.01A	0.87	0.185	0.141	2	1.96	1.96	0.0863	0.0984	0.0261	0
TCGA.4Z.AA84.01A	0.66	0.568	0.303	4	3.83	3.89	0.185	0.383	0	0
TCGA.4Z.AA86.01A	0.23	0.405	0.314	2	2.24	2.06	0.262	0.143	0.0597	0
TCGA.4Z.AA87.01A	0.76	0.436	0.153	2	2.14	2.11	0.184	0.252	0.00325	0.0179
TCGA.4Z.AA89.01A	0.91	0.132	0.0723	2	1.98	1.98	0.0383	0.0941	0.00957	0
TCGA.5N.A9KI.01A	0.74	0.379	0.0636	2	1.85	1.89	0.0626	0.316	0.0193	0
TCGA.5N.A9KM.01A	0.69	0.508	0.111	2	1.97	1.98	0.255	0.253	0.0195	0.037
TCGA.BL.A0C8.01A	0.77	0.469	0.162	4	3.98	3.98	0.171	0.299	0	0
TCGA.BL.A0C8.01B	0.64	0.397	0.014	2	1.95	1.97	0.139	0.258	0.00557	0
TCGA.BL.A13I.01A	0.34	0.14	0.69	2	2.01	2	0.0474	0.0929	0	0.0632
TCGA.BL.A13J.01A	0.74	0.571	0.224	2	1.96	1.97	0.162	0.408	0.0324	0.0567
TCGA.BL.A13J.01B	0.51	0.379	0.295	2	2.02	2.01	0.164	0.216	0	0.0972
TCGA.BL.A3JM.01A	0.76	0.64	0.0316	2	1.87	1.9	0.175	0.465	0.00184	0.0184
TCGA.BL.A5ZZ.01A	0.41	0.454	0.0394	2	2.08	2.03	0.205	0.249	0	0.00163
TCGA.BT.A0S7.01A	0.55	0.5	0.0459	2	1.93	1.96	0.0951	0.405	0.00328	0.00328
TCGA.BT.A0YX.01A	0.51	0.233	0.215	2	2.03	2.02	0.0851	0.148	0	0.0168
TCGA.BT.A20J.01A	0.51	0.208	0.328	2	2.18	2.09	0.171	0.0365	0	0.0174
TCGA.BT.A20N.01A	0.73	0.776	0.268	4	3.3	3.49	0.156	0.62	0	0
TCGA.BT.A20O.01A	0.66	0.0613	0	2	2	2	0.0248	0.0364	0	0
TCGA.BT.A20P.01A	0.93	0.173	0.0556	2	2.09	2.09	0.129	0.0442	0.00192	0.00769
TCGA.BT.A20Q.01A	0.61	0.138	0.0112	2	1.98	1.99	0.0575	0.0809	0	0
TCGA.BT.A20T.01A	0.71	0.359	0.0163	2	1.86	1.9	0.109	0.25	0.00586	0
TCGA.BT.A20U.01A	0.47	0.168	0.213	2	1.99	2	0.0857	0.0821	0	0.0357
TCGA.BT.A20V.01A	0.77	0.8	0.426	4	3.69	3.76	0.274	0.526	0	0
TCGA.BT.A20W.01A	0.67	0.498	0.0397	2	2.05	2.03	0.209	0.289	0.00198	0.00593
TCGA.BT.A20X.01A	0.47	0.46	0.554	4	3.69	3.85	0.0613	0.398	0	0
TCGA.BT.A2LA.01A	0.94	0.643	0.238	4	3.44	3.48	0.1	0.543	0	0
TCGA.BT.A2LB.01A	0.61	0.394	0.237	4	3.67	3.8	0.0486	0.345	0	0
TCGA.BT.A2LD.01A	0.6	0.76	0.297	4	4.23	4.14	0.339	0.422	0	0
TCGA.BT.A3PH.01A	0.92	0.543	0.172	4	3.74	3.76	0.161	0.382	0	0
TCGA.BT.A3PJ.01A	0.65	0.492	0.387	4	4.18	4.12	0.207	0.285	0	0
TCGA.BT.A3PK.01A	0.17	0.344	0.396	2	1.94	1.99	0.108	0.235	0.046	0.0441
TCGA.BT.A42B.01A	0.77	0.837	0.158	4	3.9	3.92	0.538	0.299	0	0
TCGA.BT.A42C.01A	0.76	0.653	0.27	4	3.81	3.85	0.241	0.413	0	0
TCGA.BT.A42E.01A	0.59	0.586	0.073	2	1.77	1.87	0.104	0.481	0.0112	0.0167
TCGA.BT.A42F.01A	0.12	0.348	0.688	2	2	2	0.155	0.193	0.128	0.0702
TCGA.C4.A0EZ.01A	0.76	0.339	0.26	4	4.15	4.11	0.163	0.176	0	0
TCGA.C4.A0F0.01A	0.66	0.478	0.111	2	1.89	1.93	0.092	0.386	0.00177	0.0354
TCGA.C4.A0F1.01A	0.66	0.285	0.401	2	2.14	2.09	0.16	0.125	0.0012	0.0156
TCGA.C4.A0F6.01A	0.74	0.643	0.213	4	3.85	3.89	0.21	0.433	0	0
TCGA.C4.A0F7.01A	0.76	0.638	0.0493	2	1.71	1.78	0.157	0.481	0.0105	0
TCGA.CF.A1HR.01A	0.52	0.242	0.576	4	3.91	3.95	0.0569	0.185	0	0
TCGA.CF.A1HS.01A	0.66	0.404	0.174	2	1.97	1.98	0.0867	0.317	0.00923	0.0332
TCGA.CF.A3MF.01A	0.89	0.644	0.137	4	3.45	3.51	0.0584	0.586	0	0
TCGA.CF.A3MG.01A	0.91	0.528	0.263	6	5.42	5.47	0.123	0.405	0	0
TCGA.CF.A3MH.01A	0.93	0.353	0.287	4	3.92	3.93	0.134	0.219	0	0
TCGA.CF.A3MI.01A	0.89	0.291	0.289	4	4.14	4.12	0.164	0.127	0	0
TCGA.CF.A47S.01A	0.68	0.29	0	2	1.97	1.98	0.114	0.176	0	0
TCGA.CF.A47T.01A	0.92	0.332	0.085	2	2	2	0.154	0.177	0	0.0282
TCGA.CF.A47V.01A	0.98	0.218	0.474	4	4.1	4.1	0.143	0.075	0	0.0075
TCGA.CF.A47W.01A	0.76	0.419	0	2	1.99	2	0.186	0.233	0	0
TCGA.CF.A47X.01A	0.95	0.21	0.257	4	4.17	4.16	0.0987	0.112	0	0.00745
TCGA.CF.A47Y.01A	0.81	0.609	0	2	1.97	1.98	0.197	0.412	0	0
TCGA.CF.A5UA.01A	0.91	0.462	0.202	2	2.23	2.21	0.307	0.156	0.00656	0
TCGA.CF.A7I0.01A	0.68	0.149	0.111	2	1.87	1.91	0.00552	0.144	0.0147	0
TCGA.CF.A8HX.01A	0.94	0.332	0.188	2	1.95	1.95	0.164	0.168	0.0622	0
TCGA.CF.A8HY.01A	0.94	0.458	0.336	4	3.63	3.65	0.083	0.375	0	0
TCGA.CF.A9FF.01A	0.72	0.496	0.00334	2	1.9	1.93	0.139	0.357	0	0
TCGA.CF.A9FH.01A	0.91	0.16	0.437	2	2.03	2.03	0.0697	0.0899	0	0.0697
TCGA.CF.A9FL.01A	0.84	0.302	0.0373	2	1.99	1.99	0.152	0.15	0.0113	0
TCGA.CF.A9FM.01A	0.17	0.00175	1	2	2.01	2	0	0.00175	0	0.00175
TCGA.CU.A0YN.01A	0.51	0.512	0.464	4	3.93	3.97	0.131	0.38	0	0
TCGA.CU.A0YO.01A	0.46	0.184	0.00709	2	2	2	0.0757	0.108	0	0.00131
TCGA.CU.A0YR.01A	0.57	0.506	0.0729	2	1.87	1.92	0.103	0.403	0.00308	0.0185
TCGA.CU.A3KJ.01A	0.88	0.539	0.228	4	3.67	3.71	0.158	0.381	0	0
TCGA.CU.A3QU.01A	0.95	0.454	0.164	2	1.82	1.83	0.0962	0.358	0.0726	0
TCGA.CU.A3YL.01A	0.76	0.271	0.149	2	1.99	1.99	0.063	0.208	0.0113	0.0113
TCGA.CU.A5W6.01A	0.65	0.442	0.0344	2	1.91	1.94	0.129	0.313	0.00152	0.00456
TCGA.CU.A72E.01A	0.74	0.287	0.313	4	3.92	3.94	0.106	0.182	0	0
TCGA.DK.A1A3.01A	0.68	0.136	0.0543	2	2.04	2.02	0.0665	0.0694	0	0.00443
TCGA.DK.A1A5.01A	0.71	0.655	0.466	4	3.39	3.56	0.0902	0.564	0	0
TCGA.DK.A1A6.01A	0.85	0.492	0.213	4	4.11	4.09	0.185	0.307	0	0
TCGA.DK.A1A6.06A	0.61	0.574	0.225	4	3.97	3.98	0.218	0.356	0	0
TCGA.DK.A1A7.01A	0.82	0.497	0.153	2	1.87	1.89	0.0993	0.397	0.00276	0.0428
TCGA.DK.A1AB.01A	0.52	0.262	0.199	2	1.76	1.87	0.026	0.236	0.0502	0
TCGA.DK.A1AG.01A	0.97	0.0768	0.317	2	1.96	1.96	0.0262	0.0506	0.0243	0
TCGA.DK.A2HX.01A	0.63	0.477	0.314	4	3.94	3.96	0.169	0.309	0	0
TCGA.DK.A2I2.01A	0.46	0.738	0.679	4	3.4	3.72	0.117	0.62	0	0
TCGA.DK.A2I4.01A	0.31	0.526	0.557	4	4.01	4	0.264	0.262	0.00193	0.0231
TCGA.DK.A2I6.01A	0.79	0.631	0.257	4	3.84	3.87	0.18	0.452	0	0
TCGA.DK.A3IL.01A	0.85	0.39	0.254	4	3.75	3.79	0.0861	0.304	0	0
TCGA.DK.A3IM.01A	0.88	0.672	0.493	4	3.42	3.49	0.132	0.54	0	0
TCGA.DK.A3IN.01A	0.79	0.222	0.0612	2	2.07	2.05	0.0724	0.149	0	0
TCGA.DK.A3IQ.01A	0.21	0.313	0.232	2	2	2	0.152	0.161	0.0372	0.00177
TCGA.DK.A3IU.01A	0.45	0.253	0.198	2	2.1	2.05	0.129	0.124	0	0.00834
TCGA.DK.A3IV.01A	0.54	0.346	0.221	2	1.84	1.91	0.0783	0.268	0.0104	0.0487
TCGA.DK.A3WW.01A	0.55	0.28	0	2	1.99	2	0.138	0.142	0	0
TCGA.DK.A3WY.01A	0.81	0.167	0	2	2	2	0.076	0.0913	0	0
TCGA.DK.A3X1.01A	0.6	0.436	0.447	4	3.94	3.97	0.132	0.304	0	0
TCGA.DK.A3X2.01A	0.94	0.776	0.212	4	3.39	3.43	0.173	0.604	0	0.00196
TCGA.DK.A6AV.01A	0.6	0.56	0.0167	2	1.78	1.87	0.118	0.442	0.00373	0
TCGA.DK.A6AW.01A	0.97	0.0944	0.0577	2	1.99	1.99	0.0417	0.0526	0.00363	0
TCGA.DK.A6B0.01A	0.91	0.0105	0.167	2	2	2	0	0.0105	0	0.00175
TCGA.DK.A6B1.01A	0.93	0.35	0.274	4	3.87	3.88	0.081	0.269	0	0
TCGA.DK.A6B2.01A	0.55	0.538	0.123	2	2.19	2.11	0.298	0.24	0	0.0405
TCGA.DK.A6B5.01A	0.74	0.514	0.299	2	1.59	1.7	0.071	0.443	0.152	0
TCGA.DK.A6B6.01A	0.67	0.417	0.377	4	3.72	3.81	0.105	0.312	0	0
TCGA.DK.AA6L.01A	0.78	0.574	0.229	4	3.66	3.73	0.144	0.431	0	0
TCGA.DK.AA6M.01A	0.6	0.465	0.07	2	2.02	2.01	0.205	0.26	0.021	0
TCGA.DK.AA6P.01A	0.94	0.733	0.301	6	5.5	5.53	0.232	0.501	0	0
TCGA.DK.AA6Q.01A	0.71	0.361	0.109	2	1.73	1.81	0.0489	0.312	0.0376	0
TCGA.DK.AA6R.01A	0.71	0.513	0.186	4	3.54	3.68	0.0761	0.437	0	0
TCGA.DK.AA6S.01A	0.66	0.389	0.0581	2	1.79	1.86	0.0742	0.315	0.0129	0.00484
TCGA.DK.AA6T.01A	0.76	0.37	0.1	2	2.03	2.02	0.15	0.221	0.00741	0.00148
TCGA.DK.AA6U.01A	0.83	0.593	0.293	4	4	4	0.265	0.327	0	0
TCGA.DK.AA6W.01A	0.79	0.76	0.199	2	2.26	2.21	0.483	0.277	0.0138	0.102
TCGA.DK.AA6X.01A	0.24	0.255	0.176	2	2.01	2	0.122	0.133	0.0172	0
TCGA.DK.AA71.01A	0.9	0.547	0.225	6	5.78	5.8	0.125	0.422	0	0
TCGA.DK.AA74.01A	0.14	0.394	0.522	2	2	2	0.121	0.273	0.128	0.0359
TCGA.DK.AA75.01A	0.92	0.642	0.341	4	4.07	4.07	0.333	0.309	0	0
TCGA.DK.AA76.01A	0.9	0.407	0.131	4	3.74	3.76	0.103	0.304	0	0
TCGA.DK.AA77.01A	0.86	0.332	0.218	2	1.83	1.86	0.0813	0.251	0.0707	0
TCGA.E5.A2PC.01A	0.92	0.393	0.298	4	3.71	3.73	0.0944	0.299	0	0
TCGA.E5.A4TZ.01A	0.85	0.967	0.356	4	5.06	4.9	0.837	0.13	0	0
TCGA.E5.A4U1.01A	0.92	0.418	0.218	4	3.99	3.99	0.139	0.279	0	0
TCGA.E7.A3Y1.01A	0.75	0.559	0.0979	4	3.99	3.99	0.104	0.454	0	0
TCGA.E7.A4IJ.01A	0.71	0.685	0.288	2	2.19	2.14	0.325	0.36	0	0.0908
TCGA.E7.A4XJ.01A	0.73	0.37	0.0312	2	1.98	1.99	0.17	0.2	0.00385	0.00578
TCGA.E7.A519.01A	0.1	0.256	0.871	2	1.86	1.99	0.116	0.14	0.15	0.0347
TCGA.E7.A541.01A	0.21	0.54	0.214	2	2.1	2.02	0.23	0.311	0.0545	0
TCGA.E7.A5KE.01A	0.91	0.592	0.318	4	3.79	3.8	0.175	0.417	0	0.0226
TCGA.E7.A5KF.01A	0.57	0.377	0.123	2	2.12	2.07	0.188	0.188	0	0
TCGA.E7.A677.01A	0.86	0.104	0.0172	2	2.01	2.01	0.0446	0.0589	0	0.00179
TCGA.E7.A678.01A	0.75	0.0883	0	2	2	2	0.0461	0.0422	0	0
TCGA.E7.A6MD.01A	0.59	0.551	0.339	4	3.64	3.79	0.107	0.444	0	0
TCGA.E7.A6ME.01A	0.81	0.426	0.0805	2	1.89	1.91	0.0718	0.354	0.0212	0.00979
TCGA.E7.A6MF.01A	0.11	0.202	0.871	2	2.01	2	0.112	0.0902	0.112	0.0261
TCGA.E7.A7DU.01A	0.83	0.378	0.151	4	3.91	3.92	0.209	0.168	0	0
TCGA.E7.A7DV.01A	0.38	0.603	0.108	2	2.13	2.05	0.334	0.269	0	0.00742
TCGA.E7.A7PW.01A	0.93	0.718	0.267	6	5.47	5.5	0.157	0.56	0	0
TCGA.E7.A7XN.01A	0.32	0.451	0	2	2	2	0.23	0.222	0	0
TCGA.E7.A85H.01A	0.83	0.498	0.118	2	1.84	1.86	0.114	0.385	0.00549	0.0275
TCGA.E7.A8O7.01A	0.85	0.304	0.0179	2	1.96	1.96	0.145	0.159	0.00543	0
TCGA.E7.A97P.01A	0.43	0.392	0.169	2	1.96	1.98	0.164	0.228	0.0182	0.0273
TCGA.E7.A97Q.01A	0.83	0.7	0.153	4	3.31	3.42	0.145	0.554	0	0
TCGA.FD.A3B3.01A	0.17	0.309	0.473	2	2.08	2.01	0.141	0.168	0.0457	0.0311
TCGA.FD.A3B4.01A	0.61	0.392	0.228	2	2.01	2	0.189	0.202	0	0.031
TCGA.FD.A3B5.01A	0.7	0.563	0.101	2	1.92	1.95	0.205	0.358	0.00168	0.0387
TCGA.FD.A3B6.01A	0.61	0.279	0.049	2	1.99	1.99	0.0658	0.214	0	0.00411
TCGA.FD.A3B7.01A	0.22	0.528	0.295	2	2.12	2.03	0.269	0.259	0.0385	0.0175
TCGA.FD.A3B8.01A	0.91	0.194	0	2	2	2	0.0898	0.104	0	0
TCGA.FD.A3N5.01A	0.78	0.785	0.318	4	3.63	3.71	0.135	0.65	0	0
TCGA.FD.A3N6.01A	0.85	0.254	0.00741	2	2.06	2.05	0.126	0.128	0.00188	0
TCGA.FD.A3NA.01A	0.61	0.465	0.61	4	3.72	3.83	0.0523	0.413	0	0
TCGA.FD.A3SJ.01A	0.57	0.515	0.074	2	2.29	2.17	0.334	0.18	0	0.00993
TCGA.FD.A3SM.01A	0.67	0.314	0.0707	2	1.89	1.92	0.058	0.256	0.0205	0
TCGA.FD.A3SN.01A	0.68	0.675	0.092	2	1.67	1.78	0.126	0.549	0.0392	0.0229
TCGA.FD.A3SO.01A	0.52	0.494	0.444	4	3.62	3.8	0.119	0.375	0	0
TCGA.FD.A3SP.01A	0.18	0.41	0.339	2	2.17	2.03	0.171	0.239	0.0576	0.0102
TCGA.FD.A3SR.01A	0.71	0.486	0.092	2	1.96	1.97	0.167	0.319	0	0.0313
TCGA.FD.A3SS.01A	0.82	0.328	0.221	2	1.78	1.82	0.0283	0.299	0.0646	0
TCGA.FD.A43N.01A	0.66	0.456	0.082	2	2.02	2.01	0.18	0.276	0.00357	0
TCGA.FD.A43S.01A	0.99	0.152	0	2	2	2	0.0625	0.0893	0	0
TCGA.FD.A43U.01A	0.16	0.463	0.348	2	1.88	1.98	0.164	0.299	0.0912	0.0315
TCGA.FD.A43X.01A	0.97	0.487	0.189	4	4.03	4.03	0.21	0.277	0	0.00522
TCGA.FD.A43Y.01A	0.23	0.333	0.21	2	2.17	2.04	0.174	0.159	0.0208	0
TCGA.FD.A5BR.01A	0.62	0.484	0.125	2	2.09	2.05	0.256	0.228	0.00173	0
TCGA.FD.A5BS.01A	0.08	0.39	0.975	2	2.08	2.01	0.216	0.174	0.304	0.0584
TCGA.FD.A5BT.01A	0.14	0.492	0.547	2	1.94	1.99	0.154	0.338	0.154	0.0482
TCGA.FD.A5BU.01A	0.33	0.561	0.252	2	2.31	2.1	0.52	0.0412	0.00179	0.0305
TCGA.FD.A5BV.01A	0.88	0.672	0.291	6	5.52	5.58	0.177	0.495	0	0
TCGA.FD.A5BX.01A	0.63	0.554	0.0824	2	2.09	2.06	0.293	0.261	0	0.0126
TCGA.FD.A5BZ.01A	0.2	0.586	0.215	2	1.79	1.96	0.199	0.387	0.06	0.00586
TCGA.FD.A5C0.01A	0.7	0.505	0.0528	2	1.83	1.88	0.0643	0.44	0.00313	0.0125
TCGA.FD.A62N.01A	0.19	0.338	0.299	2	1.88	1.98	0.101	0.237	0.0571	0.0084
TCGA.FD.A62O.01A	0.85	0.638	0.0722	2	2.1	2.09	0.344	0.294	0.00177	0
TCGA.FD.A62P.01A	0.17	0.298	0.437	2	2.07	2.01	0.111	0.187	0.0585	0.0276
TCGA.FD.A62S.01A	0.22	0.209	0.392	2	2.1	2.02	0.121	0.0876	0.0169	0
TCGA.FD.A6TA.01A	0.51	0.529	0.148	2	1.75	1.87	0.201	0.328	0.0723	0
TCGA.FD.A6TB.01A	0.21	0.369	0.257	2	1.93	1.98	0.133	0.236	0.0503	0.0174
TCGA.FD.A6TC.01A	0.7	0.502	0.0636	2	1.85	1.9	0.0943	0.408	0.0029	0.0261
TCGA.FD.A6TD.01A	0.52	0.302	0.0535	2	2.07	2.04	0.236	0.0662	0.00323	0.00323
TCGA.FD.A6TE.01A	0.91	0.509	0.358	4	3.76	3.78	0.154	0.355	0	0
TCGA.FD.A6TF.01A	0.37	0.392	0.177	2	2.06	2.02	0.17	0.223	0	0.0383
TCGA.FD.A6TG.01A	0.2	0.6	0.377	2	2.25	2.05	0.314	0.285	0.0682	0.00898
TCGA.FD.A6TH.01A	0.82	0.5	0.115	2	1.95	1.96	0.147	0.353	0.0152	0.00909
TCGA.FD.A6TI.01A	0.58	0.534	0.124	2	2.09	2.05	0.257	0.277	0	0.0491
TCGA.FD.A6TK.01A	0.13	0.378	0.641	2	2.1	2.01	0.179	0.199	0.108	0.0773
TCGA.FJ.A3Z9.01A	0.86	0.396	0.00873	2	2.01	2.01	0.202	0.193	0.00173	0
TCGA.FJ.A3ZE.01A	0.98	0.45	0.211	4	3.83	3.84	0.108	0.342	0	0.0161
TCGA.FJ.A3ZF.01A	0.71	0.519	0.225	4	4.24	4.17	0.302	0.217	0	0
TCGA.FJ.A871.01A	0.82	0.252	0.0441	2	1.99	1.99	0.121	0.132	0.00186	0.00928
TCGA.FT.A3EE.01A	0.73	0.636	0.00794	2	1.62	1.72	0.0522	0.584	0.00505	0
TCGA.FT.A61P.01A	0.42	0.385	0.456	4	3.94	3.97	0.142	0.243	0	0.00177
TCGA.G2.A2EF.01A	0.74	0.557	0.0871	2	1.91	1.93	0.151	0.406	0.00167	0.0268
TCGA.G2.A2EJ.01A	0.63	0.327	0.405	2	2	2	0.105	0.222	0.0428	0.0681
TCGA.G2.A2EK.01A	0.47	0.576	0.066	2	2.04	2.02	0.287	0.289	0.0114	0
TCGA.G2.A2EL.01A	0.92	0.456	0.273	2	1.78	1.8	0.0888	0.368	0.125	0
TCGA.G2.A2EO.01A	0.49	0.625	0.603	4	3.64	3.83	0.112	0.513	0	0
TCGA.G2.A2ES.01A	0.53	0.481	0.49	2	1.91	1.95	0.115	0.366	0.0838	0.144
TCGA.G2.A3IB.01A	0.9	0.365	0.388	2	1.8	1.82	0.105	0.26	0.142	0
TCGA.G2.A3IE.01A	0.67	0.496	0.0949	2	1.95	1.97	0.16	0.336	0.0101	0
TCGA.G2.A3VY.01A	0.94	0.664	0.347	4	3.71	3.73	0.21	0.454	0	0
TCGA.G2.AA3B.01A	0.87	0.788	0.241	4	3.62	3.67	0.212	0.577	0	0
TCGA.G2.AA3C.01A	0.59	0.173	0.158	2	1.96	1.98	0.0426	0.131	0	0.0274
TCGA.G2.AA3D.01A	0.68	0.383	0.0465	2	1.88	1.92	0.0731	0.31	0.0125	0
TCGA.G2.AA3F.01A	0.83	0.457	0.291	4	4.16	4.13	0.25	0.207	0	0
TCGA.GC.A3BM.01A	0.9	0.441	0.0693	2	1.78	1.8	0.0628	0.378	0.0258	0.00322
TCGA.GC.A3I6.01A	0.74	0.526	0.0544	2	2.05	2.04	0.236	0.29	0	0.0107
TCGA.GC.A3RB.01A	0.91	0.594	0.204	4	3.88	3.89	0.177	0.417	0	0.00722
TCGA.GC.A3RD.01A	0.71	0.754	0.121	2	1.8	1.86	0.206	0.548	0.00344	0.0773
TCGA.GC.A3WC.01A	0.34	0.333	0.363	2	2.08	2.03	0.197	0.136	0.0331	0
TCGA.GC.A3YS.01A	0.58	0.762	0.196	2	1.89	1.94	0.256	0.506	0.027	0.0991
TCGA.GC.A4ZW.01A	0.93	0.508	0.056	2	1.94	1.94	0.138	0.37	0	0.015
TCGA.GC.A6I1.01A	0.37	0.712	0.165	2	1.85	1.95	0.127	0.585	0	0.104
TCGA.GC.A6I3.01A	0.39	0.629	0.544	4	4.37	4.14	0.31	0.319	0	0.00891
TCGA.GD.A2C5.01A	0.81	0.462	0.312	4	3.89	3.91	0.117	0.345	0	0
TCGA.GD.A3OP.01A	0.17	0.303	0.435	2	2.18	2.03	0.16	0.143	0.0395	0.0564
TCGA.GD.A3OQ.01A	0.8	0.244	0.0388	2	1.99	2	0.102	0.142	0	0.00947
TCGA.GD.A3OS.01A	0.74	0.648	0.189	2	2.16	2.12	0.31	0.338	0.0109	0.042
TCGA.GD.A6C6.01A	0.92	0.667	0.368	4	3.53	3.57	0.135	0.533	0	0.00727
TCGA.GD.A76B.01A	0.38	0.63	0.409	4	4.18	4.07	0.324	0.306	0	0
TCGA.GU.A42P.01A	0.87	0.765	0.406	6	5.07	5.19	0.0987	0.666	0	0
TCGA.GU.A762.01A	0.22	0.205	0.319	2	1.95	1.99	0.0472	0.158	0.0365	0
TCGA.GU.A763.01A	0.97	0.283	0.00629	2	1.99	1.99	0.148	0.135	0.00178	0
TCGA.GU.A764.01A	0.18	0.332	0.402	2	2.13	2.02	0.13	0.202	0.0496	0.0267
TCGA.GU.A767.01A	0.2	0.202	0.291	2	2.13	2.03	0.0846	0.118	0.0257	0.00151
TCGA.GU.AATO.01A	0.66	0.573	0.405	4	3.5	3.67	0.144	0.429	0	0
TCGA.GU.AATP.01A	0.76	0.478	0.0181	2	1.8	1.85	0.069	0.409	0.00517	0
TCGA.GU.AATQ.01A	0.84	0.479	0.15	4	3.85	3.87	0.133	0.346	0	0
TCGA.GV.A3JV.01A	0.82	0.455	0.172	4	4.03	4.02	0.139	0.316	0	0
TCGA.GV.A3JW.01A	0.8	0.664	0.0419	2	1.82	1.85	0.177	0.487	0.0104	0.00522
TCGA.GV.A3JX.01A	0.92	0.416	0.466	4	3.56	3.59	0.0505	0.366	0	0
TCGA.GV.A3JZ.01A	0.89	0.696	0.232	4	3.89	3.91	0.254	0.442	0	0.00928
TCGA.GV.A3QF.01A	0.63	0.539	0.0716	2	1.82	1.89	0.167	0.372	0.00618	0.0247
TCGA.GV.A3QG.01A	0.24	0.237	0.403	2	2.08	2.02	0.0919	0.145	0.046	0
TCGA.GV.A3QH.01A	0.75	0.609	0.277	4	3.92	3.94	0.213	0.396	0	0
TCGA.GV.A3QI.01A	0.97	0.404	0.169	4	3.82	3.82	0.139	0.266	0	0.0266
TCGA.GV.A40E.01A	0.62	0.532	0.127	2	1.99	1.99	0.128	0.404	0.00178	0.0302
TCGA.GV.A40G.01A	0.84	0.516	0.237	2	1.72	1.77	0.0501	0.466	0.0619	0.0472
TCGA.GV.A6ZA.01A	0.76	0.524	0.325	4	3.98	3.98	0.24	0.284	0	0
TCGA.H4.A2HO.01A	0.8	0.23	0	2	2	2	0.108	0.122	0	0
TCGA.HQ.A2OE.01A	0.91	0.588	0.365	4	3.5	3.54	0.159	0.429	0	0
TCGA.HQ.A2OF.01A	0.91	0.674	0.088	2	1.82	1.84	0.13	0.544	0.0362	0
TCGA.HQ.A5ND.01A	0.68	0.545	0.465	4	3.86	3.9	0.196	0.349	0	0
TCGA.HQ.A5NE.01A	0.26	0.313	0.304	2	2.35	2.09	0.184	0.129	0.0153	0
TCGA.K4.A3WS.01A	0.33	0.463	0.548	4	4.23	4.07	0.197	0.267	0	0.0268
TCGA.K4.A3WV.01A	0.82	0.6	0.0974	2	1.71	1.77	0.067	0.533	0.037	0.00285
TCGA.K4.A4AB.01B	0.71	0.543	0.0867	2	1.95	1.96	0.196	0.348	0.00147	0.0427
TCGA.K4.A4AC.01A	0.42	0.484	0.114	2	2.06	2.02	0.254	0.23	0	0.0285
TCGA.K4.A54R.01A	0.61	0.454	0.0604	2	1.77	1.86	0.118	0.336	0	0.00514
TCGA.K4.A5RH.01A	0.46	0.576	0.172	2	2.18	2.08	0.28	0.297	0	0.059
TCGA.K4.A5RI.01A	0.73	0.841	0.236	4	4.33	4.24	0.437	0.404	0	0
TCGA.K4.A5RJ.01A	0.22	0.464	0.181	2	1.66	1.92	0.15	0.313	0.0496	0
TCGA.K4.A6FZ.01A	0.47	0.61	0.513	4	3.58	3.8	0.15	0.461	0	0
TCGA.K4.A6MB.01A	0.85	0.465	0.0502	2	1.95	1.96	0.126	0.339	0.0108	0
TCGA.K4.A83P.01A	0.17	0.0643	0.368	2	2.07	2.01	0.0203	0.044	0.0102	0.00508
TCGA.K4.AAQO.01A	0.38	0.316	0.579	4	3.92	3.97	0.0573	0.259	0	0.00185
TCGA.LC.A66R.01A	0.51	0.36	0.507	4	3.89	3.94	0.0855	0.275	0	0
TCGA.LT.A5Z6.01A	0.89	0.58	0.139	2	1.82	1.84	0.174	0.405	0.0553	0.0067
TCGA.LT.A8JT.01A	0.85	0.375	0.119	2	1.94	1.95	0.156	0.22	0.0389	0
TCGA.MV.A51V.01A	0.89	0.668	0.122	4	4.12	4.1	0.338	0.33	0	0
TCGA.PQ.A6FI.01A	0.8	0.789	0.00971	2	1.98	1.99	0.404	0.385	0	0
TCGA.PQ.A6FN.01A	0.3	0.202	0.124	2	1.92	1.98	0.05	0.152	0.0115	0.00192
TCGA.R3.A69X.01A	0.16	0.294	0.5	2	2.09	2.01	0.15	0.143	0.0584	0.046
TCGA.S5.A6DX.01A	0.51	0.445	0.614	4	3.65	3.82	0.0539	0.391	0	0
TCGA.S5.AA26.01A	0.96	0.36	0.0102	2	1.91	1.91	0.131	0.23	0.00368	0
TCGA.SY.A9G0.01A	0.18	0.298	0.452	2	2.01	2	0.11	0.188	0.0656	0.0479
TCGA.SY.A9G5.01A	0.42	0.376	0.441	4	4.19	4.08	0.168	0.209	0	0.0103
TCGA.UY.A78K.01A	0.49	0.457	0.431	4	3.99	3.99	0.168	0.289	0	0
TCGA.UY.A78L.01A	0.58	0.768	0.418	4	4.33	4.19	0.412	0.356	0	0
TCGA.UY.A78M.01A	0.62	0.424	0.122	2	2.01	2.01	0.197	0.228	0.00191	0.0134
TCGA.UY.A78N.01A	0.89	0.387	0.133	2	1.81	1.83	0.0176	0.369	0.05	0
TCGA.UY.A78O.01A	0.89	0.452	0.11	2	1.97	1.97	0.148	0.304	0.00156	0.039
TCGA.UY.A8OB.01A	0.75	0.647	0.119	2	1.91	1.93	0.201	0.447	0.0157	0.0593
TCGA.UY.A8OC.01A	0.68	0.654	0.712	4	3.69	3.79	0.127	0.527	0	0
TCGA.UY.A8OD.01A	0.71	0.583	0.514	4	3.83	3.88	0.194	0.389	0	0
TCGA.UY.A9PA.01A	0.15	0.418	0.435	2	1.97	2	0.158	0.261	0.0687	0.0646
TCGA.UY.A9PB.01A	0.41	0.715	0.5	4	4	4	0.34	0.375	0.00385	0.00192
TCGA.UY.A9PD.01A	0.78	0.385	0.106	2	1.91	1.93	0.0816	0.304	0.00141	0.0239
TCGA.UY.A9PE.01A	0.59	0.624	0.418	4	3.89	3.94	0.214	0.41	0	0
TCGA.UY.A9PF.01A	0.67	0.169	0.163	2	2	2	0.0413	0.128	0	0
TCGA.UY.A9PH.01A	0.58	0.461	0.605	4	3.6	3.77	0.0544	0.406	0	0
TCGA.XF.A8HB.01A	0.97	0.275	0.506	4	4.21	4.2	0.172	0.104	0	0
TCGA.XF.A8HC.01A	0.95	0.657	0.127	4	3.61	3.63	0.11	0.548	0	0.0467
TCGA.XF.A8HD.01A	0.51	0.522	0.51	4	4.08	4.04	0.198	0.324	0	0
TCGA.XF.A8HF.01A	0.81	0.605	0.399	4	4.34	4.27	0.338	0.267	0	0
TCGA.XF.A8HG.01A	0.9	0.67	0.548	4	4.14	4.12	0.282	0.388	0	0
TCGA.XF.A8HH.01A	0.57	0.51	0.255	4	3.91	3.95	0.228	0.281	0	0
TCGA.XF.A8HI.01A	0.96	0.126	0.444	4	3.96	3.97	0.0545	0.0713	0	0
TCGA.XF.A9SG.01A	0.63	0.349	0.356	4	4.06	4.04	0.117	0.231	0	0
TCGA.XF.A9SH.01A	0.69	0.256	0.0506	2	2.07	2.05	0.136	0.12	0.00162	0
TCGA.XF.A9SI.01A	0.16	0.376	0.309	2	1.97	2	0.0977	0.279	0.0395	0.0333
TCGA.XF.A9SJ.01A	0.23	0.352	0.392	2	2.27	2.06	0.196	0.155	0.0279	0
TCGA.XF.A9SK.01A	0.6	0.702	0.387	4	3.61	3.77	0.159	0.543	0	0
TCGA.XF.A9SL.01A	0.13	0.0744	0.769	2	2	2	0.0248	0.0496	0.0286	0.0153
TCGA.XF.A9SM.01A	0.24	0.365	0.305	2	2.07	2.02	0.173	0.191	0.0175	0.0409
TCGA.XF.A9SP.01A	0.48	0.646	0.473	4	4.06	4.03	0.261	0.385	0	0
TCGA.XF.A9ST.01A	0.94	0.77	0.252	4	3.87	3.88	0.28	0.49	0	0.00381
TCGA.XF.A9SU.01A	0.43	0.686	0.372	4	3.81	3.92	0.222	0.463	0	0
TCGA.XF.A9SV.01A	0.81	0.353	0.0459	2	1.9	1.92	0.055	0.298	0.00162	0.0146
TCGA.XF.A9SW.01A	0.18	0.23	0.319	2	1.94	1.99	0.0849	0.145	0.0433	0.0166
TCGA.XF.A9SX.01A	0.57	0.13	0.511	4	3.88	3.93	0.0174	0.113	0	0
TCGA.XF.A9SY.01A	0.22	0.548	0.343	2	2.1	2.02	0.303	0.245	0.0176	0.0939
TCGA.XF.A9SZ.01A	0.45	0.355	0.506	4	3.91	3.96	0.119	0.236	0	0
TCGA.XF.A9T0.01A	0.88	0.458	0.27	4	3.88	3.9	0.161	0.296	0	0
TCGA.XF.A9T2.01A	0.82	0.0295	0.632	2	2	2	0.00932	0.0202	0	0.0186
TCGA.XF.A9T3.01A	0.52	0.695	0.54	4	3.6	3.79	0.107	0.588	0	0
TCGA.XF.A9T4.01A	0.8	0.34	0.172	2	2.02	2.02	0.155	0.185	0	0.0316
TCGA.XF.A9T5.01A	0.55	0.476	0.26	2	2.13	2.07	0.231	0.245	0	0.0664
TCGA.XF.A9T6.01A	0.85	0.327	0.218	2	2.01	2.01	0.115	0.212	0.00929	0.0294
TCGA.XF.A9T8.01A	0.41	0.241	0.326	2	2.1	2.04	0.146	0.0951	0.00373	0.0392
TCGA.XF.AAME.01A	0.72	0.448	0	2	2	2	0.183	0.265	0	0
TCGA.XF.AAMF.01A	0.78	0.357	0.284	2	1.78	1.83	0.0478	0.31	0.0755	0.00154
TCGA.XF.AAMG.01A	0.81	0.769	0.331	4	4.51	4.41	0.488	0.281	0	0
TCGA.XF.AAMH.01A	0.82	0.313	0.188	2	2.19	2.15	0.195	0.117	0	0.00864
TCGA.XF.AAMJ.01A	0.87	0.0899	0.0345	2	2	2	0.0062	0.0837	0	0
TCGA.XF.AAML.01A	0.83	0.551	0.192	4	4.03	4.02	0.271	0.28	0	0
TCGA.XF.AAMQ.01A	0.82	0.688	0.398	4	3.33	3.45	0.0508	0.637	0	0
TCGA.XF.AAMR.01A	0.24	0.12	0.101	2	1.93	1.98	0.0349	0.0855	0.0105	0
TCGA.XF.AAMT.01A	0.48	0.121	0.243	2	2.06	2.03	0.0432	0.0777	0	0
TCGA.XF.AAMW.01A	0.67	0.262	0.0903	2	1.98	1.99	0.1	0.162	0.00364	0
TCGA.XF.AAMX.01A	0.82	0.743	0.0396	2	1.84	1.87	0.284	0.459	0.0131	0
TCGA.XF.AAMY.01A	0.76	0.334	0.283	4	3.96	3.97	0.0977	0.236	0	0
TCGA.XF.AAMZ.01A	0.26	0.456	0.367	2	2.16	2.04	0.22	0.236	0.054	0.0112
TCGA.XF.AAN0.01A	0.7	0.406	0.472	4	3.75	3.82	0.117	0.289	0	0
TCGA.XF.AAN1.01A	0.93	0.356	0.0924	2	1.94	1.95	0.13	0.226	0.0329	0
TCGA.XF.AAN2.01A	0.73	0.437	0.204	4	3.78	3.84	0.163	0.274	0	0
TCGA.XF.AAN3.01A	0.26	0.382	0.781	2	1.95	1.99	0.133	0.249	0.201	0
TCGA.XF.AAN4.01A	0.6	0.137	0.0114	2	2.01	2.01	0.0528	0.0839	0	0
TCGA.XF.AAN5.01A	0.49	0.357	0.317	2	2.16	2.08	0.226	0.131	0	0.0298
TCGA.XF.AAN7.01A	0.83	0.706	0.433	4	3.77	3.81	0.182	0.523	0	0
TCGA.XF.AAN8.01A	0.51	0.0423	0.129	2	2	2	0.0191	0.0232	0	0.00546
TCGA.YC.A89H.01A	0.68	0.0782	0.447	2	2.04	2.03	0.0399	0.0383	0.00499	0.00333
TCGA.YC.A8S6.01A	0.1	0.26	0.938	2	2.01	2	0.148	0.112	0.166	0.0253
TCGA.YC.A9TC.01A	0.73	0.336	0.0423	2	2.04	2.03	0.16	0.176	0	0.0142
TCGA.YF.AA3L.01A	0.96	0.653	0.241	4	3.57	3.59	0.154	0.499	0	0.00175
TCGA.ZF.A9R0.01A	0.68	0.617	0.351	4	3.7	3.8	0.214	0.403	0	0
TCGA.ZF.A9R1.01A	0.6	0.434	0.133	2	1.83	1.9	0.143	0.291	0.0378	0
TCGA.ZF.A9R2.01A	0.82	0.493	0.0819	2	1.87	1.89	0.138	0.355	0.00856	0.0318
TCGA.ZF.A9R3.01A	0.78	0.555	0.00595	2	1.99	1.99	0.15	0.405	0	0
TCGA.ZF.A9R4.01A	0.96	0.365	0.142	4	4.06	4.06	0.137	0.228	0	0.00185
TCGA.ZF.A9R5.01A	0.96	0.0549	0.133	2	2	2	0.00733	0.0476	0	0.00733
TCGA.ZF.A9R7.01A	0.7	0.291	0.202	2	1.99	2	0.0875	0.204	0	0.0302
TCGA.ZF.A9R9.01A	0.97	0.307	0.207	4	3.96	3.96	0.104	0.202	0	0.00816
TCGA.ZF.A9RC.01A	0.21	0.2	0.415	2	2.21	2.04	0.0879	0.112	0.0326	0.00651
TCGA.ZF.A9RD.01A	0.51	0.553	0.5	4	3.73	3.86	0.0879	0.465	0	0
TCGA.ZF.A9RE.01A	0.79	0.515	0.187	4	3.71	3.77	0.125	0.39	0	0
TCGA.ZF.A9RF.01A	0.7	0.396	0.209	2	2.11	2.08	0.229	0.167	0	0.0321
TCGA.ZF.A9RG.01A	0.29	0.255	0.277	2	2.14	2.04	0.154	0.101	0.00543	0.00906
TCGA.ZF.A9RL.01A	0.92	0.361	0.127	4	3.89	3.9	0.166	0.194	0	0
TCGA.ZF.A9RM.01A	0.96	0.323	0.0919	2	1.94	1.94	0.0699	0.253	0.0262	0
TCGA.ZF.A9RN.01A	0.8	0.74	0.145	2	2.06	2.04	0.368	0.372	0.0245	0.066
TCGA.ZF.AA4N.01A	0.74	0.505	0.0542	2	2	2	0.251	0.253	0.00182	0.00182
TCGA.ZF.AA4R.01A	0.66	0.481	0.174	2	2.03	2.02	0.18	0.301	0.00535	0.0303
TCGA.ZF.AA4T.01A	0.7	0.758	0.456	6	4.96	5.27	0.147	0.611	0	0
TCGA.ZF.AA4U.01A	0.98	0.231	0.351	4	3.97	3.97	0.0952	0.136	0	0.0194
TCGA.ZF.AA4V.01A	0.67	0.59	0.148	2	2.05	2.03	0.25	0.34	0.00557	0.0353
TCGA.ZF.AA4W.01A	0.2	0.195	0.292	2	1.93	1.99	0.0721	0.123	0.0405	0
TCGA.ZF.AA4X.01A	0.83	0.493	0.177	4	3.72	3.77	0.0873	0.406	0	0
TCGA.ZF.AA51.01A	0.58	0.449	0.205	2	2.22	2.13	0.302	0.147	0	0.00453
TCGA.ZF.AA52.01A	0.52	0.438	0.57	4	4.23	4.12	0.188	0.25	0	0
TCGA.ZF.AA53.01A	0.18	0.557	0.388	2	1.9	1.98	0.184	0.372	0.0987	0.0615
TCGA.ZF.AA54.01A	0.53	0.344	0.196	2	2.14	2.08	0.241	0.102	0	0.029
TCGA.ZF.AA56.01A	0.4	0.682	0.709	4	3.8	3.92	0.11	0.573	0	0.00945
TCGA.ZF.AA58.01A	0.21	0.147	0.356	2	1.99	2	0.0343	0.113	0.0278	0.00163
TCGA.ZF.AA5H.01A	0.67	0.602	0.38	4	4.13	4.09	0.261	0.341	0	0
TCGA.ZF.AA5N.01A	0.69	0.152	0.0824	2	2.1	2.07	0.0968	0.0556	0	0.00717
TCGA.ZF.AA5P.01A	0.56	0.219	0.00671	2	2.01	2	0.0735	0.146	0	0
