sampleid	purity	PC	PoP	Euploidy	pl.tumor	pl.overall	%amp	%del	%del.loh	%cn.loh
TCGA.2W.A8YY.01A	0.61	0.43	0.0132	2	1.96	1.97	0.147	0.283	0.00566	0
TCGA.4J.AA1J.01A	0.84	0.403	0.121	2	1.9	1.92	0.101	0.301	0.0187	0
TCGA.BI.A0VR.01A	0.23	0.528	0.363	2	2.08	2.02	0.246	0.282	0.0565	0.0746
TCGA.BI.A20A.01A	0.63	0.607	0.122	2	1.89	1.93	0.242	0.365	0.0295	0.0129
TCGA.C5.A0TN.01A	0.93	0.453	0.463	4	3.57	3.6	0.0958	0.357	0	0
TCGA.C5.A1BE.01B	0.57	0.351	0.22	2	1.92	1.95	0.11	0.241	0.0405	0.027
TCGA.C5.A1BF.01B	0.56	0.214	0.0909	2	1.87	1.93	0.057	0.157	0	0
TCGA.C5.A1BI.01B	0.21	0.59	0.186	2	1.99	2	0.314	0.276	0.05	0
TCGA.C5.A1BJ.01A	0.9	0.0942	0.0241	2	2.01	2.01	0.0431	0.0511	0	0
TCGA.C5.A1BK.01B	0.4	0.331	0.292	2	2.09	2.04	0.241	0.0898	0.0203	0.0136
TCGA.C5.A1BL.01A	0.56	0.567	0.138	2	2	2	0.287	0.281	0	0.00401
TCGA.C5.A1BM.01A	0.59	0.507	0.187	2	1.8	1.88	0.0883	0.419	0.0915	0
TCGA.C5.A1BN.01B	0.8	0.445	0.233	2	1.87	1.9	0.127	0.318	0.0726	0.02
TCGA.C5.A1BQ.01C	0.74	0.222	0.114	2	1.93	1.95	0.0476	0.175	0	0.0254
TCGA.C5.A1M5.01A	0.77	0.28	0.042	2	2.02	2.01	0.115	0.164	0	0.00196
TCGA.C5.A1M6.01A	0.82	0.656	0.179	4	3.21	3.35	0.0555	0.601	0	0
TCGA.C5.A1M7.01A	0.22	0.302	0.419	2	2.47	2.1	0.215	0.087	0.0237	0
TCGA.C5.A1M8.01A	0.92	0.84	0.102	4	3.5	3.54	0.397	0.442	0	0
TCGA.C5.A1M9.01A	0.95	0.147	0.0614	2	1.95	1.95	0.0181	0.129	0.00906	0
TCGA.C5.A1ME.01A	0.82	0.479	0.0463	2	1.95	1.96	0.118	0.36	0.00148	0
TCGA.C5.A1MF.01A	0.94	0.381	0.339	4	4.28	4.26	0.179	0.201	0	0.00107
TCGA.C5.A1MH.01A	0.34	0.663	0.233	2	2.16	2.05	0.39	0.273	0.00172	0.0687
TCGA.C5.A1MI.01A	0.78	0.608	0.0731	2	2.03	2.03	0.297	0.311	0	0.0238
TCGA.C5.A1MJ.01A	0.75	0.429	0.338	4	4.21	4.16	0.34	0.0883	0	0
TCGA.C5.A1MK.01A	0.49	0.536	0.0358	2	1.88	1.94	0.0979	0.438	0.00192	0.00768
TCGA.C5.A1MP.01A	0.61	0.587	0.167	2	2.13	2.08	0.215	0.372	0	0.0159
TCGA.C5.A2LS.01A	0.69	0.398	0.0849	2	2.06	2.04	0.209	0.189	0	0
TCGA.C5.A2LT.01A	0.6	0.557	0.548	4	3.83	3.9	0.147	0.41	0	0
TCGA.C5.A2LV.01A	0.74	0.807	0.0354	2	2.1	2.07	0.5	0.307	0.0143	0.00893
TCGA.C5.A2LX.01A	0.68	0.497	0.144	2	1.94	1.96	0.234	0.263	0.00974	0.0341
TCGA.C5.A2LY.01A	0.6	0.308	0.0599	2	2.08	2.05	0.0921	0.215	0.00184	0
TCGA.C5.A2LZ.01A	0.74	0.505	0.31	4	4.2	4.15	0.29	0.215	0	0
TCGA.C5.A2M1.01A	0.7	0.498	0.238	2	1.89	1.92	0.13	0.369	0.0369	0.0657
TCGA.C5.A2M2.01A	0.95	0.493	0.136	2	2.05	2.04	0.219	0.274	0.00311	0.0311
TCGA.C5.A3HD.01B	0.92	0.458	0.0608	2	1.88	1.89	0.141	0.317	0.0174	0.00348
TCGA.C5.A3HE.01A	0.63	0.171	0.05	2	1.99	1.99	0.0569	0.114	0	0.00853
TCGA.C5.A3HF.01A	0.09	0.513	0.932	2	2.46	2.04	0.318	0.194	0.249	0.0757
TCGA.C5.A3HL.01A	0.64	0.527	0.0141	2	2.06	2.04	0.317	0.21	0.00557	0
TCGA.C5.A7CG.01A	0.22	0.738	0.146	2	1.57	1.9	0.167	0.571	0.0427	0.00928
TCGA.C5.A7CH.01A	0.8	0.545	0.361	4	4.2	4.16	0.265	0.28	0	0
TCGA.C5.A7CJ.01A	0.43	0.279	0.146	2	2.06	2.03	0.153	0.126	0.00924	0.0148
TCGA.C5.A7CK.01A	0.55	0.564	0.188	2	2.09	2.05	0.226	0.338	0.024	0.01
TCGA.C5.A7CL.01A	0.57	0.477	0.195	2	1.98	1.99	0.234	0.242	0	0
TCGA.C5.A7CM.01A	0.72	0.621	0.158	2	1.93	1.95	0.262	0.358	0.0245	0.0664
TCGA.C5.A7CO.01A	0.82	0.538	0.445	4	3.65	3.71	0.0709	0.467	0	0
TCGA.C5.A7UC.01A	0.8	0.412	0.121	2	1.99	1.99	0.158	0.254	0.0385	0
TCGA.C5.A7UE.01A	0.63	0.345	0.0412	2	2.05	2.03	0.146	0.199	0.00355	0
TCGA.C5.A7UH.01A	0.76	0.57	0.518	4	3.98	3.98	0.217	0.352	0	0
TCGA.C5.A7UI.01A	0.53	0.48	0.395	2	1.94	1.97	0.188	0.292	0.0547	0.094
TCGA.C5.A7X3.01A	0.31	0.379	0.595	4	3.99	4	0.117	0.263	0.00584	0.00389
TCGA.C5.A7X5.01A	0.94	0.868	0.117	4	3.3	3.34	0.187	0.681	0	0
TCGA.C5.A7X8.01A	0.72	0.49	0.235	4	3.94	3.96	0.208	0.281	0	0
TCGA.C5.A7XC.01A	0.61	0.29	0.252	2	1.96	1.98	0.123	0.167	0.0345	0.0115
TCGA.C5.A8XH.01A	0.61	0.447	0.229	2	2.18	2.11	0.309	0.139	0	0.0264
TCGA.C5.A8XI.01A	0.69	0.363	0.323	2	2.18	2.12	0.202	0.161	0	0.024
TCGA.C5.A8XJ.01A	0.69	0.658	0.078	2	1.86	1.91	0.177	0.481	0.0106	0.0248
TCGA.C5.A8XK.01A	0.74	0.405	0.288	2	1.87	1.9	0.132	0.273	0.0686	0.0463
TCGA.C5.A8YQ.01A	0.83	0.901	0.254	4	3.64	3.7	0.223	0.678	0	0
TCGA.C5.A8YR.01A	0.86	0.836	0.427	4	3.28	3.38	0.116	0.72	0	0
TCGA.C5.A8YT.01A	0.95	0.192	0	2	2	2	0.0479	0.144	0	0
TCGA.C5.A8ZZ.01A	0.71	0.377	0.0644	2	1.94	1.96	0.121	0.256	0.0143	0
TCGA.C5.A907.01A	0.61	0.301	0.575	2	2.02	2.01	0.11	0.191	0.0394	0.112
TCGA.DG.A2KH.01A	0.82	0.36	0.0125	2	1.93	1.94	0.09	0.27	0.0015	0
TCGA.DG.A2KJ.01A	0.6	0.204	0.508	2	2.26	2.16	0.184	0.0201	0	0.0371
TCGA.DG.A2KK.01A	0.88	0.299	0.169	2	1.97	1.97	0.133	0.166	0.0404	0
TCGA.DG.A2KL.01A	0.67	0.338	0.217	4	3.84	3.89	0.079	0.259	0	0
TCGA.DG.A2KM.01A	0.17	0.465	0.409	2	1.98	2	0.24	0.225	0.0788	0.0327
TCGA.DR.A0ZM.01A	0.48	0.465	0.0122	2	2.05	2.02	0.192	0.273	0.0019	0
TCGA.DS.A0VL.01A	0.77	0.449	0.0426	2	2.01	2.01	0.202	0.247	0.0174	0
TCGA.DS.A0VM.01A	0.73	0.719	0.1	2	1.99	2	0.291	0.428	0.0036	0.0126
TCGA.DS.A0VN.01A	0.87	0.269	0.0133	2	1.93	1.94	0.0596	0.21	0	0.00358
TCGA.DS.A3LQ.01A	0.72	0.543	0.117	2	2.12	2.09	0.259	0.284	0.00515	0.0275
TCGA.DS.A5RQ.01A	0.82	0.553	0.0358	2	1.92	1.93	0.203	0.351	0	0.0198
TCGA.DS.A7WF.01A	0.1	0.165	0.879	2	1.99	2	0.087	0.0779	0.101	0.0199
TCGA.DS.A7WH.01A	0.67	0.266	0.197	2	2.08	2.05	0.165	0.101	0.00583	0
TCGA.DS.A7WI.01A	0.86	0.358	0.0552	2	2.1	2.09	0.223	0.134	0.00395	0.00395
TCGA.EA.A1QS.01A	0.17	0.392	0.505	2	2.11	2.02	0.179	0.213	0.0932	0.0228
TCGA.EA.A3HQ.01A	0.85	0.492	0.386	4	4.37	4.32	0.266	0.225	0	0
TCGA.EA.A3HR.01A	0.74	0.602	0.178	2	1.95	1.96	0.223	0.379	0.0525	0.0075
TCGA.EA.A3HS.01A	0.86	0.376	0.0667	2	2.03	2.02	0.187	0.189	0.0251	0
TCGA.EA.A3HT.01A	0.74	0.161	0.26	2	2.04	2.03	0.0564	0.105	0	0.0105
TCGA.EA.A3QD.01A	0.58	0.505	0.0215	2	2.02	2.01	0.136	0.368	0	0.0031
TCGA.EA.A3QE.01A	0.25	0.234	0.161	2	1.98	1.99	0.129	0.105	0.0251	0
TCGA.EA.A3Y4.01A	0.61	0.212	0.274	2	2.05	2.03	0.0881	0.124	0	0.0409
TCGA.EA.A410.01A	0.65	0.438	0.0398	2	2.02	2.01	0.326	0.112	0	0.0174
TCGA.EA.A411.01A	0.6	0.587	0.462	4	3.61	3.76	0.204	0.383	0	0
TCGA.EA.A439.01A	0.71	0.487	0.165	2	2.08	2.06	0.2	0.287	0	0.00701
TCGA.EA.A43B.01A	0.5	0.602	0.306	4	3.98	3.99	0.243	0.359	0	0
TCGA.EA.A44S.01A	0.75	0.425	0.143	2	1.77	1.82	0.0919	0.333	0.0451	0.0121
TCGA.EA.A4BA.01A	0.8	0.226	0.048	2	2.07	2.06	0.0942	0.132	0	0
TCGA.EA.A50E.01A	0.5	0.581	0.00355	2	1.95	1.98	0.184	0.398	0	0
TCGA.EA.A556.01A	0.83	0.559	0.189	4	4.04	4.04	0.304	0.256	0	0
TCGA.EA.A5FO.01A	0.94	0.453	0.1	2	2.04	2.04	0.204	0.249	0	0.0434
TCGA.EA.A5O9.01A	0.89	0.615	0.0235	2	1.99	1.99	0.201	0.414	0	0.00542
TCGA.EA.A5ZD.01A	0.88	0.269	0.127	2	2.07	2.06	0.122	0.147	0	0
TCGA.EA.A5ZE.01A	0.74	0.536	0.163	2	2.15	2.11	0.282	0.254	0	0.0566
TCGA.EA.A5ZF.01A	0.86	0.57	0.0636	2	1.93	1.94	0.167	0.403	0.0029	0.0174
TCGA.EA.A6QX.01A	0.78	0.417	0.0752	2	1.88	1.9	0.0784	0.339	0.0141	0.0172
TCGA.EA.A78R.01A	0.37	0.312	0.182	2	1.98	1.99	0.149	0.162	0.0126	0.00211
TCGA.EA.A97N.01A	0.72	0.521	0	2	1.94	1.95	0.198	0.323	0	0
TCGA.EK.A2GZ.01A	0.55	0.404	0.156	2	2.19	2.11	0.23	0.173	0	0.0112
TCGA.EK.A2H0.01A	0.76	0.536	0.103	2	1.83	1.87	0.0975	0.438	0.0189	0.0364
TCGA.EK.A2IP.01A	0.78	0.588	0.0909	2	1.91	1.93	0.242	0.346	0.0303	0.0196
TCGA.EK.A2PG.01A	0.76	0.833	0.48	4	4.86	4.65	0.54	0.293	0	0
TCGA.EK.A2PI.01A	0.82	0.451	0.14	2	1.98	1.99	0.194	0.257	0.0261	0.00372
TCGA.EK.A2PK.01A	0.6	0.403	0.498	2	2.22	2.13	0.35	0.0533	0	0.0846
TCGA.EK.A2PL.01A	0.71	0.326	0.0919	2	1.87	1.9	0.0757	0.25	0.00176	0.0141
TCGA.EK.A2PM.01A	0.76	0.648	0.548	4	3.51	3.62	0.214	0.434	0	0
TCGA.EK.A2R7.01A	0.74	0.342	0.215	2	1.96	1.97	0.0625	0.28	0.00312	0.0234
TCGA.EK.A2R8.01A	0.61	0.239	0.691	4	3.83	3.9	0.0298	0.209	0	0
TCGA.EK.A2R9.01A	0.8	0.216	0.331	2	2.03	2.03	0.085	0.131	0.0068	0.0612
TCGA.EK.A2RA.01A	0.71	0.65	0.256	4	3.96	3.97	0.209	0.441	0	0
TCGA.EK.A2RB.01A	0.79	0.251	0.0597	2	2	2	0.122	0.129	0.015	0
TCGA.EK.A2RC.01A	0.59	0.246	0.203	2	1.89	1.94	0.0267	0.219	0.0232	0.0267
TCGA.EK.A2RD.01A	0.63	0.264	0.13	2	1.92	1.95	0.0557	0.208	0.00656	0.0115
TCGA.EK.A2RE.01A	0.86	0.211	0.153	2	1.95	1.95	0.0878	0.124	0.0323	0
TCGA.EK.A2RJ.01A	0.51	0.638	0.339	4	4.19	4.1	0.348	0.29	0	0
TCGA.EK.A2RK.01A	0.79	0.416	0.245	2	1.63	1.71	0.0161	0.4	0.102	0
TCGA.EK.A2RL.01A	0.93	0.365	0.0452	2	2.05	2.05	0.2	0.165	0.00992	0.00165
TCGA.EK.A2RN.01A	0.75	0.602	0.0165	2	1.74	1.81	0.122	0.479	0.00331	0.00165
TCGA.EK.A2RO.01A	0.7	0.32	0.379	2	2.11	2.08	0.123	0.197	0.0211	0.0651
TCGA.EK.A3GJ.01A	0.86	0.243	0.179	2	1.98	1.98	0.087	0.156	0.0105	0.033
TCGA.EK.A3GK.01A	0.86	0.563	0.104	2	1.84	1.87	0.0588	0.504	0.0538	0.00504
TCGA.EK.A3GM.01A	0.87	0.591	0.0551	2	1.78	1.81	0.077	0.514	0.0207	0
TCGA.EK.A3GN.01A	0.69	0.632	0.163	2	2.18	2.13	0.249	0.383	0.0175	0.0759
TCGA.EX.A1H5.01A	0.76	0.629	0.33	2	1.69	1.77	0.161	0.468	0.19	0.00179
TCGA.EX.A3L1.01A	0.18	0.195	0.4	2	1.99	2	0.0505	0.144	0.0534	0.013
TCGA.EX.A69L.01A	0.61	0.342	0.176	2	1.98	1.99	0.129	0.213	0	0.0335
TCGA.EX.A69M.01A	0.69	0.239	0.239	2	1.95	1.97	0.0679	0.171	0.0411	0
TCGA.EX.A8YF.01A	0.56	0.53	0.0481	2	1.98	1.99	0.161	0.368	0.0119	0.0017
TCGA.FU.A23K.01A	0.71	0.648	0.0885	2	2.09	2.06	0.282	0.366	0	0.0318
TCGA.FU.A23L.01A	0.62	0.588	0.32	4	3.87	3.92	0.19	0.398	0	0
TCGA.FU.A2QG.01A	0.8	0.341	0.181	2	1.86	1.89	0.0712	0.27	0.0506	0.0112
TCGA.FU.A3EO.01A	0.82	0.319	0.105	2	1.97	1.97	0.136	0.183	0.0336	0
TCGA.FU.A3HY.01A	0.77	0.31	0.0934	2	1.86	1.89	0.0886	0.221	0.0273	0.0017
TCGA.FU.A3HZ.01A	0.91	0.0215	0	2	2	2	0.00379	0.0177	0	0
TCGA.FU.A3NI.01A	0.78	0.479	0.536	4	3.64	3.72	0.116	0.363	0	0
TCGA.FU.A3TQ.01A	0.64	0.25	0.0987	2	1.89	1.93	0.0558	0.194	0.023	0
TCGA.FU.A3TX.01A	0.89	0.401	0.0677	2	1.85	1.87	0.016	0.385	0.0272	0
TCGA.FU.A3WB.01A	0.89	0.196	0.151	2	1.94	1.94	0.0561	0.14	0.0297	0
TCGA.FU.A40J.01A	0.68	0.381	0.121	4	3.72	3.81	0.0719	0.309	0	0
TCGA.FU.A57G.01A	0.62	0.467	0.05	2	1.95	1.97	0.131	0.336	0.0018	0.0162
TCGA.FU.A5XV.01A	0.71	0.513	0.0495	2	1.88	1.92	0.217	0.296	0.0169	0
TCGA.FU.A770.01A	0.63	0.153	0.0745	2	1.9	1.94	0.0245	0.129	0	0.0114
TCGA.GH.A9DA.01A	0.75	0.41	0.191	2	2.08	2.06	0.192	0.218	0.0354	0.0317
TCGA.HG.A2PA.01A	0.22	0.218	0.147	2	1.78	1.95	0.0371	0.18	0.0152	0
TCGA.HG.A9SC.01A	0.64	0.299	0.247	2	2.01	2.01	0.123	0.176	0.0378	0.0246
TCGA.HM.A3JJ.01A	0.48	0.599	0.163	2	2.12	2.06	0.373	0.226	0	0.0692
TCGA.HM.A3JK.01A	0.49	0.46	0.284	4	4.12	4.06	0.078	0.382	0	0
TCGA.HM.A4S6.01A	0.58	0.501	0.0429	2	1.99	1.99	0.0716	0.429	0.00179	0
TCGA.HM.A6W2.01A	0.85	0.451	0.116	2	2	2	0.205	0.246	0.0333	0
TCGA.HM.A6W2.06A	0.89	0.492	0.071	2	1.94	1.95	0.225	0.267	0.0222	0
TCGA.IR.A3L7.01A	0.78	0.506	0.0592	2	1.97	1.98	0.131	0.374	0.00832	0.00333
TCGA.IR.A3LA.01A	0.83	0.606	0.0765	2	2.02	2.02	0.255	0.351	0.0178	0.00535
TCGA.IR.A3LB.01A	0.69	0.358	0.144	2	1.8	1.86	0.0937	0.264	0.0421	0.00956
TCGA.IR.A3LC.01A	0.73	0.35	0.101	2	2.13	2.1	0.2	0.151	0	0.00677
TCGA.IR.A3LF.01A	0.53	0.719	0.0383	4	4.11	4.06	0.637	0.0826	0	0
TCGA.IR.A3LI.01A	0.97	0.185	0.0714	2	2.05	2.05	0.0945	0.0907	0.0132	0
TCGA.IR.A3LK.01A	0.85	0.28	0.189	2	1.94	1.95	0.0821	0.198	0.0205	0.0171
TCGA.IR.A3LL.01A	0.5	0.509	0.0669	2	2.02	2.01	0.195	0.314	0.00947	0
TCGA.JW.A5VG.01A	0.82	0.232	0.227	2	2.08	2.07	0.119	0.112	0.0193	0.00702
TCGA.JW.A5VH.01A	0.82	0.463	0.0494	4	3.94	3.95	0.113	0.35	0	0
TCGA.JW.A5VI.01A	0.7	0.627	0.0597	2	1.86	1.9	0.218	0.409	0.00156	0.0172
TCGA.JW.A5VJ.01A	0.71	0.535	0.107	2	1.88	1.91	0.0952	0.44	0.0162	0.0323
TCGA.JW.A5VK.01A	0.96	0.622	0.204	2	1.94	1.94	0.201	0.421	0.0963	0
TCGA.JW.A5VL.01A	0.83	0.584	0.0508	2	2.17	2.14	0.349	0.236	0	0.0111
TCGA.JW.A69B.01A	0.79	0.362	0.0856	2	1.97	1.97	0.143	0.219	0.0116	0.0193
TCGA.JW.A852.01A	0.85	0.126	0.0256	2	2.08	2.07	0.0597	0.0661	0.00323	0
TCGA.JW.AAVH.01A	0.92	0.277	0.491	2	2.06	2.06	0.0976	0.179	0	0.108
TCGA.JX.A3PZ.01A	0.79	0.516	0.189	4	3.93	3.95	0.356	0.161	0	0
TCGA.JX.A3Q0.01A	0.73	0.688	0.0656	2	2.23	2.17	0.448	0.24	0	0.0253
TCGA.JX.A3Q8.01A	0.96	0.347	0.296	2	1.79	1.8	0.00163	0.345	0.103	0
TCGA.JX.A5QV.01A	0.7	0.508	0.227	4	3.95	3.96	0.194	0.313	0	0
TCGA.LP.A4AU.01A	0.16	0.0957	0.529	2	2.07	2.01	0.0394	0.0563	0.0338	0.00938
TCGA.LP.A4AV.01A	0.65	0.515	0.164	2	2.06	2.04	0.231	0.284	0.00376	0.015
TCGA.LP.A4AW.01A	0.21	0.232	0.244	2	2.08	2.02	0.121	0.112	0.0201	0.00183
TCGA.LP.A4AX.01A	0.21	0.171	0.515	2	2.06	2.01	0.0502	0.121	0.0467	0.00173
TCGA.LP.A5U2.01A	0.88	0.531	0.302	4	4.21	4.19	0.275	0.256	0	0
TCGA.LP.A5U3.01A	0.84	0.378	0.403	4	4	4	0.151	0.227	0	0
TCGA.LP.A7HU.01A	0.52	0.218	0.385	4	3.95	3.97	0.0624	0.155	0	0
TCGA.MA.AA3W.01A	0.48	0.524	0.313	4	3.93	3.97	0.212	0.312	0.00176	0
TCGA.MA.AA3X.01A	0.78	0.503	0.152	4	3.55	3.65	0.0495	0.453	0	0
TCGA.MA.AA3Y.01A	0.45	0.287	0.172	2	2	2	0.108	0.179	0.0076	0.0114
TCGA.MA.AA3Z.01A	0.78	0.239	0.163	2	1.97	1.98	0.0743	0.165	0.023	0
TCGA.MA.AA41.01A	0.73	0.415	0.0805	2	1.97	1.98	0.141	0.274	0.0141	0.0123
TCGA.MA.AA42.01A	0.6	0.481	0.331	2	1.78	1.87	0.132	0.35	0.0884	0.00786
TCGA.MA.AA43.01A	0.65	0.522	0.101	2	1.89	1.93	0.116	0.406	0.00151	0.00452
TCGA.MU.A51Y.01A	0.18	0.262	0.266	2	1.87	1.98	0.063	0.199	0.0187	0.00681
TCGA.MU.A8JM.01A	0.62	0.291	0.281	2	2.13	2.08	0.13	0.162	0.0114	0.0381
TCGA.MY.A5BD.01A	0.93	0.383	0.157	2	2.11	2.1	0.206	0.176	0	0.0433
TCGA.MY.A5BE.01A	0.23	0.344	0.394	2	2.02	2.01	0.146	0.198	0.0469	0.0365
TCGA.MY.A5BF.01A	0.81	0.559	0.0452	2	1.92	1.94	0.164	0.395	0.0252	0
TCGA.MY.A913.01A	0.66	0.492	0.372	4	3.82	3.88	0.109	0.383	0	0
TCGA.PN.A8M9.01A	0.85	0.599	0.0994	2	1.78	1.82	0.0855	0.513	0.0167	0.0428
TCGA.PN.A8MA.01A	0.87	0.755	0.408	4	4.57	4.5	0.557	0.198	0	0
TCGA.Q1.A5R1.01A	0.63	0.581	0.0616	2	2.03	2.02	0.316	0.264	0.0179	0
TCGA.Q1.A5R2.01A	0.57	0.61	0.0941	2	2.07	2.04	0.296	0.314	0	0.00718
TCGA.Q1.A5R3.01A	0.69	0.559	0.134	2	2.02	2.01	0.126	0.433	0.0384	0.0183
TCGA.Q1.A6DT.01A	0.63	0.515	0.113	2	2.01	2.01	0.228	0.287	0	0.0319
TCGA.Q1.A6DV.01A	0.15	0.0725	0.526	2	1.99	2	0.0172	0.0553	0.0153	0.00763
TCGA.Q1.A6DW.01A	0.78	0.322	0.321	2	2.18	2.14	0.187	0.135	0.00833	0.045
TCGA.Q1.A73O.01A	0.13	0.198	0.651	2	2.17	2.02	0.108	0.0896	0.0597	0.0168
TCGA.Q1.A73P.01A	0.8	0.111	0.0658	2	1.95	1.96	0.0146	0.0961	0.00146	0.00582
TCGA.Q1.A73Q.01A	0.82	0.394	0.202	2	1.99	1.99	0.188	0.206	0.0303	0
TCGA.Q1.A73R.01A	0.95	0.162	0.111	2	1.98	1.98	0.0486	0.113	0.0162	0.0018
TCGA.Q1.A73S.01A	0.93	0.486	0.532	4	3.93	3.93	0.217	0.269	0	0
TCGA.R2.A69V.01A	0.22	0.171	0.384	2	1.97	1.99	0.0428	0.128	0.0474	0
TCGA.UC.A7PD.01A	0.66	0.375	0.123	2	2	2	0.158	0.216	0.022	0
TCGA.UC.A7PF.01A	0.52	0.453	0.128	2	2.08	2.04	0.214	0.24	0.0499	0
TCGA.UC.A7PG.01A	0.61	0.404	0.321	2	2.11	2.07	0.218	0.186	0.00721	0.0505
TCGA.UC.A7PG.06A	0.79	0.587	0.666	6	4.95	5.17	0.0306	0.557	0	0
TCGA.UC.A7PI.01A	0.85	0.229	0.128	2	1.99	1.99	0.106	0.123	0.0162	0.013
TCGA.VS.A8EB.01A	0.9	0.598	0.321	4	3.84	3.86	0.173	0.425	0	0
TCGA.VS.A8EC.01A	0.94	0.857	0.0928	4	3.51	3.54	0.152	0.705	0	0
TCGA.VS.A8EG.01A	0.85	0.312	0.024	2	2.04	2.03	0.157	0.155	0.00748	0
TCGA.VS.A8EH.01A	0.78	0.897	0.277	2	2.63	2.49	0.688	0.209	0.0103	0.0931
TCGA.VS.A8EI.01A	0.29	0.469	0.3	2	2.39	2.11	0.381	0.0873	0.0133	0.0152
TCGA.VS.A8EJ.01A	0.92	0.801	0.125	2	2.11	2.1	0.392	0.41	0.0128	0.0692
TCGA.VS.A8Q8.01A	0.69	0.412	0.108	2	1.93	1.95	0.138	0.274	0.00164	0.0394
TCGA.VS.A8Q9.01A	0.69	0.359	0.18	2	1.97	1.98	0.18	0.18	0.0167	0.0259
TCGA.VS.A8QA.01A	0.92	0.356	0.227	4	4.09	4.08	0.176	0.181	0	0
TCGA.VS.A8QC.01A	0.73	0.485	0.0175	2	1.84	1.88	0.109	0.376	0	0.0051
TCGA.VS.A8QF.01A	0.67	0.741	0.315	4	3.89	3.93	0.239	0.502	0	0
TCGA.VS.A8QM.01A	0.11	0.376	0.772	2	2	2	0.183	0.193	0.143	0.0686
TCGA.VS.A94W.01A	0.54	0.406	0.0937	2	2.15	2.08	0.107	0.299	0	0.0145
TCGA.VS.A94X.01A	0.62	0.82	0.387	2	2.38	2.23	0.396	0.425	0.00544	0.254
TCGA.VS.A94Y.01A	0.73	0.579	0.442	4	3.71	3.79	0.181	0.397	0	0
TCGA.VS.A94Z.01A	0.26	0.185	0.142	2	1.86	1.96	0.0523	0.132	0.0163	0
TCGA.VS.A950.01A	0.63	0.617	0.394	4	4.04	4.02	0.256	0.361	0	0
TCGA.VS.A952.01A	0.93	0.33	0.027	2	2.03	2.02	0.143	0.187	0.00357	0.00178
TCGA.VS.A953.01A	0.95	0.673	0.437	4	4.36	4.34	0.379	0.294	0	0
TCGA.VS.A954.01A	0.81	0.309	0.182	2	2.13	2.11	0.178	0.131	0.00156	0.0234
TCGA.VS.A957.01A	0.89	0.33	0.0904	2	2.04	2.04	0.144	0.187	0	0.0149
TCGA.VS.A958.01A	0.48	0.303	0.303	2	1.98	1.99	0.132	0.171	0.033	0.0294
TCGA.VS.A959.01A	0.46	0.515	0.246	2	2.2	2.09	0.353	0.163	0	0.0764
TCGA.VS.A9U5.01A	0.64	0.7	0.269	4	3.54	3.71	0.233	0.467	0	0
TCGA.VS.A9U6.01A	0.64	0.439	0.171	2	2.08	2.05	0.188	0.25	0.0475	0.011
TCGA.VS.A9U7.01A	0.8	0.339	0.0505	2	1.96	1.96	0.151	0.188	0.0137	0.00171
TCGA.VS.A9UA.01A	0.63	0.202	0.294	2	2.05	2.03	0.088	0.114	0	0
TCGA.VS.A9UB.01A	0.6	0.535	0.178	2	2.02	2.01	0.152	0.383	0.00152	0.0136
TCGA.VS.A9UC.01A	0.74	0.391	0.307	2	2.19	2.14	0.238	0.154	0	0.0319
TCGA.VS.A9UD.01A	0.75	0.747	0.349	4	3.46	3.59	0.257	0.49	0	0
TCGA.VS.A9UH.01A	0.16	0.25	0.477	2	2.06	2.01	0.0946	0.156	0.048	0.0349
TCGA.VS.A9UI.01A	0.7	0.496	0.142	2	1.97	1.98	0.172	0.324	0	0.0671
TCGA.VS.A9UJ.01A	0.99	0.144	0	2	2	2	0.0666	0.0777	0	0
TCGA.VS.A9UL.01A	0.61	0.657	0.15	2	1.73	1.83	0.0987	0.558	0.0485	0
TCGA.VS.A9UM.01A	0.77	0.35	0.516	4	3.97	3.98	0.143	0.207	0	0
TCGA.VS.A9UO.01A	0.75	0.473	0.252	2	1.84	1.88	0.143	0.33	0.0596	0.0578
TCGA.VS.A9UP.01A	0.66	0.665	0.374	4	3.73	3.82	0.154	0.511	0	0
TCGA.VS.A9UQ.01A	0.59	0.369	0.098	2	2	2	0.163	0.206	0.0163	0
TCGA.VS.A9UR.01A	0.81	0.215	0.246	2	1.83	1.86	0.028	0.187	0.0529	0
TCGA.VS.A9UT.01A	0.79	0.183	0.0741	4	3.96	3.97	0.0355	0.147	0	0
TCGA.VS.A9UU.01A	0.46	0.538	0.36	4	4.16	4.07	0.201	0.337	0	0
TCGA.VS.A9UV.01A	0.87	0.408	0.112	2	1.99	1.99	0.142	0.266	0.00337	0.00675
TCGA.VS.A9UY.01A	0.8	0.513	0.0344	2	2.01	2	0.242	0.272	0.00176	0.0106
TCGA.VS.A9UZ.01A	0.67	0.233	0.103	2	2	2	0.0924	0.14	0.0166	0.00555
TCGA.VS.A9V0.01A	0.73	0.664	0.0421	2	1.82	1.87	0.206	0.459	0.0214	0
TCGA.VS.A9V1.01A	0.93	0.133	0.0471	2	1.96	1.96	0.0281	0.105	0	0.00624
TCGA.VS.A9V2.01A	0.52	0.47	0.126	2	1.86	1.93	0.0896	0.381	0.04	0.0192
TCGA.VS.A9V3.01A	0.83	0.227	0.0676	2	1.95	1.96	0.0661	0.161	0.0154	0
TCGA.VS.A9V4.01A	0.38	0.647	0.463	4	4.15	4.06	0.408	0.239	0	0.00368
TCGA.VS.A9V5.01A	0.71	0.327	0.131	2	1.92	1.94	0.105	0.221	0.0375	0.00357
TCGA.VS.AA62.01A	0.94	0.104	0.0615	2	2	2	0.0335	0.0703	0	0.0016
TCGA.WL.A834.01A	0.76	0.634	0.256	2	2.13	2.1	0.3	0.335	0.0329	0.0445
TCGA.XS.A8TJ.01A	0.44	0.474	0.687	4	4.3	4.13	0.272	0.202	0	0
TCGA.ZJ.A8QO.01A	0.62	0.301	0.303	2	1.81	1.88	0.0701	0.231	0.0743	0
TCGA.ZJ.A8QQ.01A	0.7	0.4	0.322	2	1.88	1.92	0.101	0.299	0.0505	0.071
TCGA.ZJ.A8QR.01A	0.76	0.294	0.121	2	1.97	1.98	0.135	0.159	0.00713	0.0125
TCGA.ZJ.AAX4.01A	0.84	0.388	0.364	4	3.62	3.68	0.0569	0.331	0	0
TCGA.ZJ.AAX8.01A	0.26	0.26	0.303	2	2.16	2.04	0.176	0.0839	0.00336	0
TCGA.ZJ.AAXA.01A	0.89	0.556	0.149	2	2.04	2.03	0.222	0.334	0.011	0.0275
TCGA.ZJ.AAXB.01A	0.87	0.623	0.412	6	5.58	5.64	0.173	0.45	0	0
TCGA.ZJ.AAXD.01A	0.67	0.511	0.234	4	3.71	3.81	0.116	0.395	0	0
TCGA.ZJ.AAXF.01A	0.14	0.291	0.53	2	1.93	1.99	0.0773	0.214	0.0934	0.0306
TCGA.ZJ.AAXI.01A	0.85	0.238	0.264	2	2.07	2.06	0.111	0.128	0.0085	0
TCGA.ZJ.AAXJ.01A	0.71	0.385	0.152	2	1.94	1.96	0.137	0.247	0.0275	0.00916
TCGA.ZJ.AAXN.01A	0.81	0.288	0.2	2	2.04	2.03	0.136	0.152	0.00148	0.0429
TCGA.ZJ.AAXT.01A	0.58	0.377	0.207	2	1.85	1.91	0.0922	0.285	0.0522	0.0226
TCGA.ZJ.AAXU.01A	0.54	0.299	0.27	2	2	2	0.105	0.194	0.0128	0.0532
TCGA.ZJ.AB0H.01A	0.5	0.448	0.608	4	3.83	3.92	0.125	0.323	0	0
TCGA.ZJ.AB0I.01A	0.94	0.424	0.442	4	4.19	4.18	0.242	0.182	0	0
TCGA.ZX.AA5X.01A	0.32	0.206	0.224	2	2.05	2.02	0.125	0.0809	0	0.0173
