sampleid	purity	PC	PoP	Euploidy	pl.tumor	pl.overall	%amp	%del	%del.loh	%cn.loh
TCGA.2K.A9WE.01A	0.1	0.542	0.843	2	2.19	2.02	0.222	0.319	0.261	0.089
TCGA.2Z.A9J1.01A	0.81	0.294	0.72	4	4.31	4.25	0.196	0.0987	0	0
TCGA.2Z.A9J2.01A	0.52	0.476	0.199	2	2.19	2.1	0.265	0.211	0	0.00327
TCGA.2Z.A9J3.01A	0.94	0.253	0.165	2	2.3	2.28	0.215	0.038	0.0019	0
TCGA.2Z.A9J5.01A	0.62	0.4	0.0237	2	2.25	2.15	0.288	0.112	0	0.0038
TCGA.2Z.A9J6.01A	0.65	0.261	0.759	2	2.27	2.18	0.233	0.0277	0	0
TCGA.2Z.A9J7.01A	0.9	0.316	0.0519	2	2.14	2.12	0.18	0.136	0	0
TCGA.2Z.A9J8.01A	0.88	0.14	0.541	2	1.88	1.89	0.0226	0.117	0.0755	0
TCGA.2Z.A9J9.01A	0.99	0.0718	0	2	2	2	0.041	0.0308	0	0
TCGA.2Z.A9JE.01A	0.93	0.233	0.527	2	2.12	2.11	0.125	0.108	0	0.0669
TCGA.2Z.A9JI.01A	0.51	0.173	0.218	4	3.9	3.95	0.0167	0.156	0	0
TCGA.2Z.A9JK.01A	0.99	0.0522	0	2	1.97	1.98	0	0.0522	0	0
TCGA.2Z.A9JL.01A	0.51	0.218	0.0806	2	2.11	2.06	0.137	0.0807	0	0
TCGA.2Z.A9JN.01A	0.12	0.122	0.681	2	1.99	2	0.0638	0.0585	0.0496	0.0213
TCGA.2Z.A9JO.01A	0.11	0.187	0.843	2	2.03	2	0.123	0.0642	0.117	0.0183
TCGA.2Z.A9JP.01A	0.88	0.289	0.659	4	4.21	4.19	0.177	0.111	0	0
TCGA.2Z.A9JR.01A	0.36	0.137	0.593	2	2.3	2.11	0.127	0.00955	0	0
TCGA.2Z.A9JS.01A	0.85	0.333	0.646	4	4.25	4.21	0.185	0.148	0	0
TCGA.2Z.A9JT.01A	0.64	0.113	0.0615	2	2.01	2	0.033	0.08	0.00696	0
TCGA.4A.A93W.01A	0.84	0.203	0.0099	2	2.11	2.09	0.149	0.0542	0	0
TCGA.4A.A93X.01A	0.96	0.707	0.192	4	3.04	3.08	0.00388	0.703	0	0.00194
TCGA.4A.A93Y.01A	0.14	0.0628	0.568	2	1.98	2	0.00679	0.056	0.0136	0.0102
TCGA.5P.A9JU.01A	0.81	0.411	0.0802	2	1.9	1.92	0.159	0.252	0.0329	0
TCGA.5P.A9JV.01A	0.21	0.363	0.109	2	1.92	1.98	0.163	0.199	0.018	0
TCGA.5P.A9JW.01A	0.61	0.182	0	2	1.99	2	0.0772	0.105	0	0
TCGA.5P.A9JY.01A	0.44	0.263	0.676	2	2.36	2.16	0.218	0.0449	0	0
TCGA.5P.A9JZ.01A	0.8	0.0813	0.529	2	2.06	2.05	0.0463	0.0351	0	0.0303
TCGA.5P.A9K0.01A	0.47	0.269	0.361	2	2.32	2.15	0.234	0.0347	0	0
TCGA.5P.A9K2.01A	0.24	0.815	0.0227	2	0.0938	1.54	0.0134	0.802	0.0168	0.00168
TCGA.5P.A9K3.01A	0.73	0.36	0.0761	2	1.83	1.87	0.139	0.221	0.0274	0
TCGA.5P.A9K4.01A	0.57	0.343	0.0169	2	2.33	2.19	0.281	0.062	0	0
TCGA.5P.A9K6.01A	0.67	0.285	0.183	2	2.18	2.12	0.198	0.0862	0	0
TCGA.5P.A9K8.01A	0.79	0.432	0.199	2	1.8	1.84	0.129	0.303	0.0861	0
TCGA.5P.A9K9.01A	0.77	0.677	0.455	4	3.21	3.39	0.108	0.569	0	0
TCGA.5P.A9KA.01A	0.1	0.236	0.881	2	2.1	2.01	0.0741	0.162	0.109	0.0547
TCGA.5P.A9KC.01A	0.54	0.278	0.0909	2	2.08	2.04	0.142	0.136	0.00388	0
TCGA.5P.A9KE.01A	0.99	0.079	0	2	2.02	2.02	0.0312	0.0478	0	0
TCGA.5P.A9KH.01A	0.85	0.353	0.448	2	1.67	1.72	0.0257	0.327	0.158	0
TCGA.A4.7286.01A	0.69	0.3	0	2	1.86	1.91	0.0495	0.251	0	0
TCGA.A4.7287.01A	0.61	0.303	0.0286	2	1.72	1.83	0.0138	0.289	0.00865	0
TCGA.A4.7288.01A	0.95	0.184	0.754	4	4.15	4.15	0.113	0.0706	0	0
TCGA.A4.7583.01A	0.73	0.364	0.121	2	1.86	1.9	0.0866	0.277	0.0442	0
TCGA.A4.7584.01A	0.78	0.5	0.00338	2	2.02	2.01	0.0929	0.407	0	0
TCGA.A4.7585.01A	0.25	0.0439	0.36	2	2.01	2	0.0246	0.0193	0.00527	0
TCGA.A4.7732.01A	0.41	0.21	0.626	2	2.38	2.16	0.167	0.0433	0	0
TCGA.A4.7734.01A	0.43	0.122	0.373	2	2.18	2.08	0.101	0.0219	0	0
TCGA.A4.7828.01A	0.1	0.29	0.887	2	2	2	0.144	0.146	0.153	0.0557
TCGA.A4.7915.01A	0.68	0.131	0.148	2	1.96	1.97	0.0405	0.0906	0.00647	0.0129
TCGA.A4.7996.01A	0.69	0.22	0.0268	2	2.1	2.07	0.13	0.0904	0	0.00589
TCGA.A4.7997.01A	0.73	0.331	0.159	2	2.07	2.05	0.158	0.173	0	0.049
TCGA.A4.8098.01A	0.82	0.471	0.062	2	2.03	2.02	0.289	0.182	0.0292	0
TCGA.A4.8310.01A	0.89	0.231	0.585	4	4.28	4.25	0.191	0.0407	0	0
TCGA.A4.8311.01A	0.18	0.326	0.811	2	3.1	2.2	0.29	0.0365	0.0111	0.00792
TCGA.A4.8515.01A	0.88	0.314	0.0412	2	2.15	2.13	0.213	0.102	0	0.0129
TCGA.A4.8516.01A	0.93	0.5	0.319	4	4.29	4.27	0.273	0.227	0	0
TCGA.A4.8517.01A	0.51	0.319	0.502	2	2.29	2.15	0.234	0.0853	0	0.0116
TCGA.A4.8518.01A	0.57	0.207	0	2	1.99	1.99	0.0221	0.185	0	0
TCGA.A4.8630.01A	0.87	0.406	0.686	4	4.48	4.42	0.29	0.116	0	0
TCGA.A4.A4ZT.01A	0.3	0.862	0.00676	2	0.319	1.5	0.00971	0.852	0.00388	0.00194
TCGA.A4.A57E.01A	0.85	0.671	0.464	4	4.03	4.02	0.384	0.287	0	0
TCGA.A4.A5DU.01A	0.81	0.462	0.109	2	2.1	2.08	0.178	0.284	0.00336	0
TCGA.A4.A5XZ.01A	0.41	0.364	0.579	2	2.56	2.23	0.315	0.0485	0	0
TCGA.A4.A5Y0.01A	0.95	0.211	0.0472	2	2.05	2.04	0.141	0.0696	0	0
TCGA.A4.A5Y1.01A	0.81	0.58	0.483	6	5.05	5.23	0.0859	0.494	0	0
TCGA.A4.A6HP.01A	0.77	0.43	0.138	2	2.16	2.12	0.252	0.178	0	0
TCGA.A4.A772.01A	0.17	0.355	0.765	2	3.02	2.17	0.301	0.0534	0.0235	0.00628
TCGA.A4.A7UZ.01A	0.24	0.12	0.606	2	2.28	2.07	0.0911	0.0287	0.0118	0
TCGA.AL.7173.01A	0.6	0.233	0.00714	2	2.02	2.01	0.0781	0.154	0	0.00166
TCGA.AL.A5DJ.01A	0.75	0.726	0.426	4	3.42	3.56	0.112	0.614	0	0
TCGA.AT.A5NU.01A	0.37	0.461	0.4	2	2.5	2.18	0.278	0.183	0	0
TCGA.B1.5398.01A	0.15	0.128	0.674	2	2.08	2.01	0.0594	0.0684	0.0446	0.0104
TCGA.B1.7332.01A	0.27	0.459	0.0893	2	1.15	1.77	0.0279	0.431	0.0344	0.00164
TCGA.B1.A47M.01A	0.35	0.138	0.632	2	2.29	2.1	0.105	0.0334	0	0
TCGA.B1.A47N.01A	0.12	0.319	0.857	2	2.96	2.12	0.23	0.0894	0.106	0.0114
TCGA.B1.A47O.01A	0.11	0.196	0.71	2	2.39	2.04	0.133	0.0627	0.0745	0.0196
TCGA.B1.A654.01A	0.89	0.515	0.104	2	2.1	2.08	0.285	0.23	0	0.0386
TCGA.B1.A655.01A	0.63	0.333	0.0602	2	1.94	1.96	0.139	0.195	0.0201	0
TCGA.B1.A656.01A	0.58	0.587	0.0809	2	1.95	1.97	0.0817	0.506	0.0247	0.0019
TCGA.B1.A657.01A	0.18	0.306	0.686	2	2.61	2.11	0.198	0.108	0.00769	0.00769
TCGA.B3.8121.01A	0.7	0.421	0	2	2.08	2.05	0.244	0.176	0	0
TCGA.B3.A6W5.01A	0.39	0.566	0.253	2	2.8	2.31	0.472	0.0944	0	0
TCGA.B9.5155.01A	0.47	0.386	0.141	2	2.35	2.17	0.303	0.0824	0	0
TCGA.B9.5156.01A	0.13	0.291	0.605	2	2.17	2.02	0.0873	0.204	0.0716	0.0401
TCGA.B9.7268.01A	0.42	0.512	0.474	2	2.6	2.25	0.409	0.103	0	0
TCGA.B9.A44B.01A	0.92	0.533	0.164	4	3.82	3.83	0.23	0.303	0	0
TCGA.B9.A5W8.01A	0.53	0.246	0.608	4	3.68	3.83	0.0383	0.208	0	0.00124
TCGA.B9.A5W9.01A	0.83	0.686	0.292	2	2.45	2.38	0.481	0.206	0	0.0455
TCGA.B9.A69E.01A	0.55	0.254	0.0569	2	1.89	1.94	0.068	0.186	0.0124	0
TCGA.B9.A8YH.01A	0.77	0.394	0.112	2	2.27	2.21	0.301	0.0936	0	0
TCGA.B9.A8YI.01A	0.86	0.0417	0.312	2	2	2	0.0143	0.0274	0.0013	0
TCGA.BQ.5876.01A	0.81	0.311	0.0575	2	1.83	1.87	0.0446	0.266	0.0179	0
TCGA.BQ.5877.01A	0.67	0.378	0.137	2	1.85	1.9	0.0849	0.293	0.0517	0
TCGA.BQ.5878.01A	0.85	0.552	0.0239	2	1.98	1.98	0.271	0.281	0.0113	0
TCGA.BQ.5879.01A	0.89	0.33	0.0512	2	1.79	1.81	0.0484	0.282	0.0158	0.00113
TCGA.BQ.5880.01A	0.21	0.041	0.348	2	2.04	2.01	0.0232	0.0178	0.00535	0
TCGA.BQ.5881.01A	0.69	0.29	0.00613	2	2.01	2.01	0.0569	0.233	0	0.00178
TCGA.BQ.5882.01A	0.63	0.468	0.056	2	1.57	1.73	0.0314	0.436	0.0262	0
TCGA.BQ.5883.01A	0.13	0.379	0.65	2	1.94	1.99	0.131	0.248	0.113	0.0737
TCGA.BQ.5884.01A	0.15	0.14	0.45	2	1.97	2	0.0436	0.0963	0.0257	0.0231
TCGA.BQ.5885.01A	0.75	0.172	0.131	2	1.95	1.96	0.0579	0.114	0	0.0226
TCGA.BQ.5886.01A	0.69	0.0733	0	2	2.05	2.04	0.0641	0.00916	0	0
TCGA.BQ.5887.01A	0.51	0.626	0.0854	2	1.88	1.94	0.135	0.49	0	0.0191
TCGA.BQ.5888.01A	0.75	0.062	0	2	1.99	2	0.0261	0.036	0	0
TCGA.BQ.5889.01A	0.14	0.115	0.616	2	1.96	2	0.0268	0.0883	0.0457	0.0126
TCGA.BQ.5890.01A	0.76	0.427	0.159	2	1.95	1.97	0.0972	0.33	0.0278	0.0278
TCGA.BQ.5891.01A	0.92	0.781	0.669	2	1.26	1.32	0.0266	0.755	0.523	0
TCGA.BQ.5892.01A	0.58	0.349	0.209	2	2.02	2.01	0.139	0.21	0.00178	0.016
TCGA.BQ.5893.01A	0.77	0.353	0.054	2	2.07	2.06	0.149	0.205	0	0
TCGA.BQ.5894.01A	0.42	0.138	0	2	1.99	2	0.0651	0.0733	0	0
TCGA.BQ.7044.01A	0.9	0.246	0.185	2	1.96	1.96	0.105	0.141	0.0456	0
TCGA.BQ.7045.01A	0.99	0.0756	0	2	2.02	2.02	0.0177	0.0579	0	0
TCGA.BQ.7046.01A	0.09	0.311	0.915	2	3.98	2.18	0.284	0.0265	0.0246	0.00379
TCGA.BQ.7048.01A	0.79	0.177	0.0707	2	1.99	1.99	0.0771	0.1	0.00896	0
TCGA.BQ.7049.01A	0.37	0.00181	0	2	2	2	0	0.00181	0	0
TCGA.BQ.7050.01A	0.89	0.0278	0	2	2	2	0.0131	0.0147	0	0
TCGA.BQ.7051.01A	0.6	0.414	0.304	2	2.23	2.14	0.253	0.161	0	0
TCGA.BQ.7053.01A	0.72	0.389	0.00917	2	2.01	2.01	0.196	0.193	0	0.00357
TCGA.BQ.7055.01A	0.81	0.155	0.0633	2	1.93	1.94	0.0588	0.0961	0.0098	0
TCGA.BQ.7056.01A	0.82	0.233	0.0256	2	1.95	1.96	0.0737	0.159	0.00598	0
TCGA.BQ.7058.01A	0.87	0.176	0.314	2	2	2	0.0536	0.122	0.0168	0.0268
TCGA.BQ.7059.01A	0.22	0.0429	0.069	2	1.96	1.99	0.0074	0.0355	0	0
TCGA.BQ.7060.01A	0.18	0.137	0.432	2	2.17	2.03	0.0564	0.081	0.0145	0.013
TCGA.BQ.7061.01A	0.79	0.361	0.206	2	2.07	2.05	0.14	0.22	0.002	0.0681
TCGA.BQ.7062.01A	0.99	0.406	0	2	1.99	1.99	0.0854	0.321	0	0
TCGA.DW.5560.01A	0.79	0.571	0.2	2	2.21	2.17	0.378	0.193	0	0
TCGA.DW.5561.01A	0.28	0.732	0.0615	2	0.416	1.56	0	0.732	0.0451	0
TCGA.DW.7834.01A	0.09	0.227	0.973	2	2.15	2.01	0.0427	0.185	0.118	0.0427
TCGA.DW.7836.01A	0.93	0.271	0.875	4	4.37	4.35	0.205	0.066	0	0
TCGA.DW.7837.01A	0.17	0.31	0.701	2	2.52	2.09	0.193	0.117	0.0256	0.0176
TCGA.DW.7838.01A	0.91	0.2	0	2	2.04	2.03	0.116	0.084	0	0
TCGA.DW.7839.01A	0.54	0.0867	0.22	2	2.04	2.02	0.0416	0.0451	0	0
TCGA.DW.7840.01A	0.85	0.195	0.075	2	2.12	2.1	0.14	0.0554	0	0
TCGA.DW.7841.01A	0.64	0.128	0.217	2	2.07	2.04	0.0679	0.0602	0	0
TCGA.DW.7842.01A	0.52	0.504	0.042	2	2.13	2.07	0.344	0.16	0	0
TCGA.DZ.6131.01A	0.79	0.133	0.4	4	3.9	3.92	0.0152	0.118	0	0
TCGA.DZ.6132.01A	0.96	0.0294	0	2	2	2	0.00692	0.0225	0	0
TCGA.DZ.6133.01A	0.47	0.479	0.149	2	2.85	2.4	0.437	0.0423	0	0
TCGA.DZ.6134.01A	0.23	0.0553	0.125	2	2.02	2	0.019	0.0363	0.00173	0
TCGA.DZ.6135.01A	0.46	0.314	0.0357	2	2.03	2.01	0.147	0.166	0	0
TCGA.EV.5901.01A	0.18	0.373	0.498	2	2.43	2.08	0.218	0.155	0.0371	0.0169
TCGA.EV.5902.01A	0.95	0.445	0.0373	2	2.13	2.12	0.255	0.19	0	0
TCGA.EV.5903.01A	0.62	0.179	0.351	2	2.08	2.05	0.0681	0.11	0.00737	0
TCGA.F9.A4JJ.01A	0.72	0.378	0.00905	2	1.64	1.74	0.036	0.342	0.00342	0
TCGA.F9.A7Q0.01A	0.84	0.484	0.352	2	1.51	1.59	0.00765	0.476	0.17	0
TCGA.F9.A7VF.01A	0.88	0.351	0.0884	2	2.17	2.15	0.236	0.114	0	0.031
TCGA.F9.A8NY.01A	0.73	0.549	0.0226	2	2.18	2.13	0.277	0.271	0.0104	0.00207
TCGA.F9.A97G.01A	0.41	0.145	0.178	2	1.96	1.98	0.0376	0.107	0	0
TCGA.G7.6789.01A	0.69	0.84	0.0637	2	1.48	1.64	0.154	0.685	0.0356	0.0178
TCGA.G7.6790.01A	0.39	0.356	0.817	2	2.67	2.26	0.348	0.00836	0	0
TCGA.G7.6792.01A	0.79	0.0536	0.0606	2	1.98	1.98	0.00325	0.0503	0.00325	0
TCGA.G7.6793.01A	0.59	0.422	0.193	2	1.78	1.87	0.0624	0.359	0.034	0.0302
TCGA.G7.6795.01A	0.34	0.501	0.43	2	2.75	2.25	0.397	0.104	0	0
TCGA.G7.6796.01A	0.39	0.4	0.448	2	1.94	1.98	0.207	0.193	0.0677	0.0538
TCGA.G7.6797.01A	0.96	0.223	0.233	2	1.95	1.95	0.0857	0.138	0.0521	0
TCGA.G7.7501.01A	0.89	0.25	0.527	2	1.78	1.81	0.0236	0.226	0.132	0
TCGA.G7.7502.01A	0.17	0.39	0.324	2	2.51	2.09	0.232	0.158	0.0186	0.0576
TCGA.G7.A4TM.01A	0.78	0.186	0.305	2	2.2	2.15	0.158	0.0284	0	0
TCGA.G7.A8LB.01A	0.57	0.66	0.04	2	2.48	2.27	0.457	0.204	0	0
TCGA.G7.A8LC.01A	0.82	0.492	0.447	2	1.49	1.58	0.00168	0.49	0.22	0
TCGA.G7.A8LD.01A	0.94	0.531	0.397	4	3.63	3.65	0.172	0.359	0	0
TCGA.G7.A8LE.01A	0.82	0.233	0.182	2	2.07	2.06	0.121	0.112	0	0.0409
TCGA.GL.6846.01A	0.9	0.343	0.0233	2	2.2	2.18	0.259	0.0837	0	0.00797
TCGA.GL.7773.01A	0.84	0.0895	0.0635	2	1.94	1.95	0.00142	0.0881	0.00568	0
TCGA.GL.7966.01A	0.8	0.562	0.0702	2	1.62	1.69	0.023	0.539	0.0263	0.0115
TCGA.GL.8500.01A	0.95	0.202	0.6	4	3.93	3.93	0.0872	0.115	0	0
TCGA.GL.A4EM.01A	0.82	0.283	0	2	2.07	2.06	0.178	0.105	0	0
TCGA.GL.A59R.01A	0.17	0.677	0.411	2	2.61	2.1	0.424	0.252	0.082	0.0129
TCGA.GL.A59T.01A	0.71	0.328	0.0758	2	2.02	2.01	0.084	0.244	0	0.00156
TCGA.GL.A9DC.01A	0.91	0.203	0.0294	2	2.08	2.07	0.149	0.0538	0.00598	0
TCGA.GL.A9DD.01A	0.99	0.183	0	2	2.03	2.03	0.119	0.0635	0	0
TCGA.GL.A9DE.01A	0.85	0.124	0.176	2	1.99	2	0.0401	0.0839	0	0.0219
TCGA.HE.7128.01A	0.45	0.417	0.123	2	2.18	2.08	0.236	0.181	0	0
TCGA.HE.7129.01A	0.85	0.242	0.224	2	2.24	2.21	0.208	0.0343	0	0
TCGA.HE.7130.01A	0.89	0.653	0.367	4	3.83	3.85	0.276	0.376	0	0
TCGA.HE.A5NF.01A	0.11	0.291	0.879	2	2.28	2.03	0.136	0.155	0.109	0.0354
TCGA.HE.A5NH.01A	0.47	0.451	0.144	2	2.13	2.06	0.279	0.172	0	0
TCGA.HE.A5NI.01A	0.43	0.622	0.481	2	2.74	2.32	0.503	0.119	0	0
TCGA.HE.A5NJ.01A	0.75	0.305	0.332	2	2.22	2.17	0.22	0.0854	0	0.00158
TCGA.HE.A5NK.01A	0.21	0.452	0.142	2	2.2	2.04	0.344	0.109	0.0252	0
TCGA.HE.A5NL.01A	0.13	0.415	0.605	2	1.75	1.97	0.0434	0.372	0.185	0.0283
TCGA.IA.A40U.01A	0.76	0.403	0.107	2	2.01	2.01	0.081	0.322	0.0259	0
TCGA.IA.A40X.01A	0.8	0.31	0	2	2.02	2.02	0.143	0.167	0	0
TCGA.IA.A40Y.01A	0.79	0.954	0.504	2	2.68	2.53	0.638	0.316	0	0.213
TCGA.IA.A83S.01A	0.99	0.0914	0	2	2.01	2.01	0.0123	0.0791	0	0
TCGA.IA.A83T.01A	0.99	0.162	0	2	2	2	0.00729	0.155	0	0
TCGA.IA.A83V.01A	0.11	0.0386	0.76	2	2.08	2.01	0.0154	0.0231	0.00926	0.00926
TCGA.IA.A83W.01A	0.13	0.259	0.75	2	2.53	2.07	0.16	0.0989	0.0741	0.019
TCGA.IZ.8195.01A	0.48	0.471	0.0403	2	2.21	2.1	0.31	0.162	0	0
TCGA.IZ.8196.01A	0.42	0.31	0.228	2	2.25	2.1	0.18	0.131	0	0
TCGA.IZ.A6M8.01A	0.63	0.174	0.611	2	2.12	2.08	0.134	0.0403	0	0
TCGA.IZ.A6M9.01A	0.84	0.374	0.0374	2	2.1	2.09	0.212	0.162	0	0.012
TCGA.J7.6720.01A	0.56	0.163	0.356	2	2.12	2.07	0.095	0.0676	0	0
TCGA.J7.8537.01A	0.55	0.272	0.00481	2	2.01	2	0.161	0.111	0	0.00131
TCGA.KV.A6GD.01A	0.8	0.112	0	2	2.03	2.02	0.109	0.00375	0	0
TCGA.KV.A74V.01A	0.88	0.569	0.497	4	4.52	4.45	0.391	0.178	0	0
TCGA.MH.A55W.01A	0.65	0.557	0.058	2	2.11	2.07	0.174	0.383	0	0
TCGA.MH.A55Z.01A	0.44	0.61	0.143	2	2.32	2.14	0.321	0.29	0	0
TCGA.MH.A560.01A	0.74	0.318	0.31	2	2.11	2.08	0.169	0.149	0	0.0688
TCGA.MH.A561.01A	0.14	0.299	0.536	2	1.96	1.99	0.109	0.19	0.0986	0.0247
TCGA.MH.A562.01A	0.42	0.378	0.333	2	2.37	2.15	0.233	0.145	0	0
TCGA.MH.A854.01A	0.81	0.504	0.0195	2	2.08	2.06	0.323	0.181	0	0
TCGA.MH.A855.01A	0.67	0.23	0.0379	2	1.98	1.99	0.0941	0.136	0.00871	0
TCGA.MH.A856.01A	0.84	0.105	0.0169	2	2.02	2.02	0.0747	0.0302	0.00178	0
TCGA.MH.A857.01A	0.99	0.221	0	2	2	2	0.0647	0.156	0	0
TCGA.O9.A75Z.01A	0.63	0.243	0.29	2	2.14	2.09	0.152	0.0907	0	0
TCGA.P4.A5E6.01A	0.76	0.636	0.106	2	2.06	2.05	0.327	0.309	0	0.0556
TCGA.P4.A5E7.01A	0.45	0.549	0.245	2	2.41	2.18	0.409	0.14	0	0
TCGA.P4.A5E8.01A	0.72	0.838	0.183	4	3.91	3.94	0.566	0.272	0	0
TCGA.P4.A5EA.01A	0.19	0.383	0.213	2	1.92	1.99	0.181	0.203	0.0392	0.0173
TCGA.P4.A5EB.01A	0.31	0.435	0.0482	2	2.06	2.02	0.166	0.269	0.0134	0
TCGA.P4.A5ED.01A	0.52	0.444	0	2	1.99	2	0.233	0.211	0	0
TCGA.P4.AAVK.01A	0.79	0.276	0.743	4	4.3	4.24	0.177	0.0994	0	0
TCGA.P4.AAVL.01A	0.95	0.448	0.0902	2	2.16	2.15	0.27	0.178	0.0257	0
TCGA.P4.AAVM.01A	0.47	0.102	0.924	2	2.19	2.09	0.102	0	0	0
TCGA.P4.AAVO.01A	0.96	0.188	0.011	2	2.03	2.03	0.12	0.068	0.00206	0
TCGA.PJ.A5Z8.01A	0.25	0.488	0.0451	2	2.27	2.07	0.418	0.07	0.004	0
TCGA.PJ.A5Z9.01A	0.82	0.542	0.448	4	4.61	4.5	0.421	0.121	0	0
TCGA.Q2.A5QZ.01A	0.56	0.441	0.0559	2	1.91	1.95	0.16	0.281	0.00154	0
TCGA.SX.A71R.01A	0.8	0.34	0.0409	2	2.17	2.14	0.235	0.105	0	0
TCGA.SX.A71S.01A	0.47	0.15	0	2	2.15	2.07	0.107	0.0435	0	0
TCGA.SX.A71U.01A	0.77	0.334	0.018	2	2.18	2.14	0.234	0.1	0	0.002
TCGA.SX.A71V.01A	0.84	0.312	0	2	1.94	1.95	0.036	0.276	0	0
TCGA.SX.A71W.01A	0.16	0.397	0.498	2	2.53	2.09	0.194	0.203	0.0398	0.0114
TCGA.SX.A7SL.01A	0.92	0.301	0.00592	2	1.98	1.99	0.135	0.166	0.00178	0
TCGA.SX.A7SM.01A	0.77	0.484	0.0493	2	1.97	1.97	0.119	0.365	0.0239	0
TCGA.SX.A7SN.01A	0.37	0.329	0.274	2	2.26	2.1	0.137	0.192	0	0
TCGA.SX.A7SO.01A	0.94	0.0732	0.37	2	1.95	1.95	0.00478	0.0685	0.0271	0
TCGA.SX.A7SP.01A	0.56	0.337	0.556	2	2.21	2.12	0.254	0.0828	0	0
TCGA.SX.A7SQ.01A	0.64	0.55	0.201	2	2.48	2.31	0.426	0.125	0	0
TCGA.SX.A7SR.01A	0.13	0.211	0.537	2	2.08	2.01	0.0514	0.159	0.0599	0.0154
TCGA.SX.A7SS.01A	0.9	0.575	0.429	4	4.6	4.54	0.376	0.199	0	0
TCGA.SX.A7SU.01A	0.94	0.294	0.171	2	2.11	2.1	0.167	0.126	0	0
TCGA.UN.AAZ9.01A	0.9	0.537	0.456	2	1.53	1.57	0.0747	0.463	0.245	0
TCGA.UZ.A9PJ.01A	0.67	0.145	0.039	2	2.12	2.08	0.102	0.0434	0	0
TCGA.UZ.A9PK.01A	0.12	0.211	0.77	2	2.28	2.03	0.0939	0.117	0.0704	0.0407
TCGA.UZ.A9PL.01A	0.57	0.443	0.15	2	2.18	2.1	0.267	0.176	0	0
TCGA.UZ.A9PM.01A	0.57	0.106	0.508	2	2.11	2.06	0.0716	0.0349	0	0
TCGA.UZ.A9PN.01A	0.52	0.16	0.0333	2	1.94	1.97	0.0355	0.124	0.00355	0.00177
TCGA.UZ.A9PO.01A	0.49	0.27	0.641	2	2.29	2.14	0.232	0.0381	0	0
TCGA.UZ.A9PP.01A	0.82	0.414	0.229	2	2.09	2.08	0.252	0.161	0	0.0949
TCGA.UZ.A9PQ.01A	0.93	0.382	0.379	2	1.83	1.85	0.102	0.28	0.138	0
TCGA.UZ.A9PR.01A	0.57	0.462	0.0843	2	2.18	2.1	0.228	0.234	0	0
TCGA.UZ.A9PS.01A	0.78	0.3	0	2	2.13	2.1	0.218	0.0825	0	0
TCGA.UZ.A9PU.01A	0.8	0.447	0.143	2	2.17	2.14	0.255	0.192	0	0.0586
TCGA.UZ.A9PV.01A	0.47	0.303	0.108	2	2.5	2.23	0.266	0.0367	0	0
TCGA.UZ.A9PX.01A	0.41	0.433	0.303	2	2.4	2.16	0.255	0.178	0	0
TCGA.UZ.A9PZ.01A	0.86	0.442	0.144	2	2.19	2.17	0.301	0.141	0	0.00996
TCGA.UZ.A9Q0.01A	0.45	0.226	0.276	2	2.33	2.15	0.191	0.0349	0	0
TCGA.UZ.A9Q1.01A	0.88	0.444	0.443	4	4.37	4.32	0.299	0.146	0	0
TCGA.V9.A7HT.01A	0.15	0.276	0.39	2	2.31	2.05	0.162	0.114	0.0288	0.0272
TCGA.WN.AB4C.01A	0.61	0.226	0.0256	2	2.05	2.03	0.128	0.0986	0.0058	0
TCGA.Y8.A894.01A	0.11	0.164	0.855	2	2.06	2.01	0.081	0.083	0.0909	0.0217
TCGA.Y8.A895.01A	0.63	0.508	0.336	2	2.23	2.15	0.336	0.172	0	0
TCGA.Y8.A896.01A	0.19	0.271	0.096	2	1.48	1.9	0.0245	0.247	0.0107	0.00306
TCGA.Y8.A898.01A	0.99	0.349	0	2	2.05	2.05	0.172	0.177	0	0
TCGA.Y8.A8RY.01A	0.61	0.418	0.128	2	2.1	2.06	0.0843	0.334	0	0
TCGA.Y8.A8RZ.01A	0.82	0.179	0.247	2	1.92	1.94	0.0605	0.119	0.0444	0
TCGA.Y8.A8S0.01A	0.45	0.194	0.655	2	2.22	2.1	0.148	0.046	0	0.0145
TCGA.Y8.A8S1.01A	0.24	0.088	0.587	2	1.93	1.98	0.0172	0.0707	0.0516	0
