sampleid	purity	PC	PoP	Euploidy	pl.tumor	pl.overall	%amp	%del	%del.loh	%cn.loh
TCGA.05.4249.01A	0.6	0.484	0.368	4	4.02	4.01	0.195	0.289	0	0
TCGA.05.4250.01A	0.57	0.701	0.429	4	3.81	3.89	0.2	0.501	0	0
TCGA.05.4382.01A	0.19	0.229	0.472	2	2.03	2.01	0.0991	0.13	0.0432	0.036
TCGA.05.4384.01A	0.16	0.0973	0.517	2	2.02	2	0.0403	0.057	0.0268	0.0134
TCGA.05.4389.01A	0.62	0.494	0.516	4	3.39	3.62	0.046	0.448	0	0
TCGA.05.4390.01A	0.73	0.506	0.202	2	2.13	2.09	0.203	0.304	0	0.0208
TCGA.05.4395.01A	0.77	0.868	0.235	4	3.14	3.34	0.126	0.743	0	0
TCGA.05.4396.01A	0.71	0.668	0.078	2	1.81	1.86	0.264	0.403	0.0386	0
TCGA.05.4397.01A	0.89	0.279	0.343	2	1.97	1.97	0.0959	0.183	0.0612	0.00165
TCGA.05.4398.01A	0.53	0.798	0.391	4	4.18	4.09	0.419	0.379	0	0
TCGA.05.4402.01A	0.54	0.394	0.0688	2	1.96	1.98	0.132	0.262	0.00361	0.00181
TCGA.05.4403.01A	0.45	0.18	0.132	2	2.04	2.02	0.0692	0.111	0	0.0237
TCGA.05.4405.01A	0.23	0.449	0.344	2	2.34	2.08	0.257	0.192	0.0585	0
TCGA.05.4410.01A	0.39	0.637	0.352	4	3.87	3.95	0.21	0.426	0.00196	0
TCGA.05.4415.01A	0.8	0.536	0.192	4	4.11	4.08	0.288	0.249	0	0
TCGA.05.4417.01A	0.17	0.524	0.369	2	2.38	2.06	0.324	0.2	0.0668	0.0205
TCGA.05.4418.01A	0.49	0.544	0.104	2	1.91	1.95	0.17	0.374	0.0312	0.0195
TCGA.05.4420.01A	0.74	0.642	0.324	4	3.58	3.69	0.163	0.479	0	0
TCGA.05.4422.01A	0.59	0.27	0.245	2	2.04	2.02	0.109	0.161	0.0194	0
TCGA.05.4424.01A	0.21	0.283	0.277	2	1.94	1.99	0.0896	0.193	0.0392	0.0042
TCGA.05.4425.01A	0.16	0.373	0.229	2	1.38	1.9	0.0742	0.299	0.0395	0.00632
TCGA.05.4426.01A	0.67	0.297	0.0937	2	1.96	1.98	0.102	0.195	0.00186	0.0204
TCGA.05.4427.01A	0.69	0.658	0.204	4	3.78	3.85	0.244	0.415	0	0
TCGA.05.4430.01A	0.3	0.525	0.632	4	3.87	3.96	0.13	0.395	0.0428	0.00815
TCGA.05.4432.01A	0.23	0.329	0.278	2	1.83	1.96	0.0668	0.262	0.0633	0.00176
TCGA.05.4433.01A	0.53	0.562	0.0342	2	1.9	1.94	0.225	0.337	0.0173	0
TCGA.05.4434.01A	0.29	0.357	0.156	2	2.01	2	0.146	0.212	0.00599	0.00399
TCGA.05.5420.01A	0.2	0.406	0.197	2	1.83	1.97	0.084	0.322	0.042	0.012
TCGA.05.5423.01A	0.61	0.84	0.108	2	2	2	0.285	0.554	0.0594	0.00396
TCGA.05.5428.01A	0.88	0.475	0.405	4	3.88	3.89	0.145	0.33	0	0.00105
TCGA.05.5429.01A	0.66	0.299	0.042	2	1.88	1.92	0.046	0.253	0.0126	0
TCGA.05.5715.01A	0.73	0.393	0.209	2	1.78	1.84	0.0844	0.309	0.07	0
TCGA.35.3615.01A	0.64	0.276	0.24	2	2.07	2.05	0.177	0.0994	0	0.00368
TCGA.35.4122.01A	0.24	0.442	0.482	2	2	2	0.178	0.264	0.071	0.0454
TCGA.35.4123.01A	0.2	0.308	0.23	2	1.92	1.98	0.0957	0.212	0.0416	0.00139
TCGA.35.5375.01A	0.69	0.64	0.337	4	3.38	3.57	0.127	0.513	0	0
TCGA.38.4625.01A	0.42	0.637	0.222	2	2.08	2.04	0.402	0.235	0.00196	0.114
TCGA.38.4626.01A	0.99	0.0658	0	2	2	2	0.0232	0.0426	0	0
TCGA.38.4627.01A	0.98	0.0321	0.667	2	2	2	0.00402	0.0281	0	0.0214
TCGA.38.4628.01A	0.8	0.546	0.327	4	3.55	3.64	0.0789	0.467	0	0
TCGA.38.4629.01A	0.46	0.682	0.11	2	1.58	1.81	0.081	0.601	0.0514	0.00198
TCGA.38.4630.01A	0.78	0.445	0.0804	2	1.93	1.94	0.193	0.252	0.0239	0.00994
TCGA.38.4631.01A	0.6	0.744	0.332	4	3.99	3.99	0.324	0.419	0	0
TCGA.38.4632.01A	0.76	0.36	0.128	2	2.01	2.01	0.109	0.252	0	0.00375
TCGA.38.6178.01A	0.52	0.171	0.253	2	2.05	2.02	0.083	0.0882	0	0.0104
TCGA.38.7271.01A	0.66	0.024	0	2	2.01	2	0.00846	0.0155	0	0
TCGA.38.A44F.01A	0.87	0.294	0	2	2	2	0.127	0.167	0	0
TCGA.44.2655.01A	0.26	0.0475	0.25	2	1.99	2	0.00678	0.0407	0.00678	0
TCGA.44.2656.01A	0.57	0.178	0.263	2	2.09	2.05	0.12	0.0574	0	0
TCGA.44.2656.01B	0.13	0.226	0.254	2	1.96	1.99	0.0868	0.139	0.0267	0.00534
TCGA.44.2657.01A	0.16	0.4	0.402	2	1.95	1.99	0.169	0.231	0.0844	0.0207
TCGA.44.2659.01A	0.53	0.752	0.484	4	4.27	4.14	0.364	0.388	0	0
TCGA.44.2661.01A	0.22	0.316	0.16	2	1.91	1.98	0.0957	0.221	0.0254	0.0117
TCGA.44.2662.01A	0.97	0.135	0.0521	2	2.01	2.01	0.0367	0.0987	0	0.00282
TCGA.44.2662.01B	0.16	0.195	0.129	2	1.95	1.99	0.0745	0.121	0.00985	0.00281
TCGA.44.2665.01A	0.42	0.292	0.307	2	2.14	2.06	0.168	0.125	0.0175	0
TCGA.44.2665.01B	0.13	0.302	0.426	2	1.97	2	0.129	0.173	0.0741	0.0136
TCGA.44.2666.01A	0.57	0.295	0.0176	2	1.92	1.96	0.104	0.191	0.0052	0
TCGA.44.2666.01B	0.16	0.288	0.139	2	1.93	1.99	0.13	0.158	0.0208	0
TCGA.44.2668.01A	0.24	0.251	0.132	2	1.97	1.99	0.0849	0.166	0.024	0
TCGA.44.2668.01B	0.14	0.269	0.26	2	2	2	0.122	0.148	0.0387	0
TCGA.44.3396.01A	0.21	0.0986	0.382	2	1.96	1.99	0.0161	0.0824	0.0305	0
TCGA.44.3398.01A	0.09	0.388	0.913	2	2.06	2.01	0.186	0.202	0.295	0.0153
TCGA.44.3917.01A	0.46	0.723	0.107	2	1.94	1.97	0.229	0.494	0	0.0114
TCGA.44.3917.01B	0.22	0.364	0.208	2	2.3	2.07	0.218	0.146	0.0208	0
TCGA.44.3918.01A	0.25	0.417	0.39	2	2.26	2.06	0.233	0.184	0.044	0.00191
TCGA.44.3918.01B	0.13	0.405	0.396	2	2.07	2.01	0.203	0.203	0.086	0.0229
TCGA.44.3919.01A	0.2	0.176	0.147	2	1.77	1.95	0.0345	0.142	0.0121	0.00345
TCGA.44.4112.01A	0.55	0.419	0.183	2	2.01	2	0.165	0.254	0.0236	0.0335
TCGA.44.4112.01B	0.12	0.281	0.371	2	1.99	2	0.126	0.156	0.0748	0.00197
TCGA.44.5643.01A	0.51	0.668	0.187	2	1.54	1.76	0.102	0.567	0.0428	0.0802
TCGA.44.5644.01A	0.83	0.704	0.239	4	3.72	3.76	0.202	0.502	0	0
TCGA.44.5645.01A	0.59	0.527	0.0382	2	1.94	1.96	0.099	0.428	0	0
TCGA.44.5645.01B	0.17	0.327	0.19	2	2.14	2.02	0.171	0.156	0.0185	0.0168
TCGA.44.6144.01A	0.51	0.655	0.383	4	3.62	3.81	0.145	0.509	0.00202	0
TCGA.44.6145.01A	0.24	0.396	0.335	2	1.94	1.98	0.174	0.223	0.0625	0.00391
TCGA.44.6146.01A	0.76	0.255	0.153	2	1.85	1.89	0.0391	0.216	0.0391	0
TCGA.44.6146.01B	0.19	0.215	0.141	2	2	2	0.11	0.105	0.0141	0.00868
TCGA.44.6147.01A	0.22	0.481	0.224	2	2.26	2.06	0.242	0.239	0.0231	0
TCGA.44.6147.01B	0.12	0.302	0.566	2	2.01	2	0.134	0.168	0.117	0.0247
TCGA.44.6148.01A	0.8	0.125	0	2	2.01	2.01	0.0492	0.0758	0	0
TCGA.44.6774.01A	0.35	0.223	0.227	2	2.18	2.06	0.109	0.114	0.00187	0.00375
TCGA.44.6775.01A	0.22	0.538	0.239	2	2.43	2.09	0.358	0.18	0.0194	0
TCGA.44.6775.01C	0.12	0.307	0.414	2	2.11	2.01	0.168	0.139	0.0758	0.00353
TCGA.44.6776.01A	0.63	0.435	0.105	2	1.93	1.96	0.194	0.24	0.0183	0.00183
TCGA.44.6777.01A	0.21	0.215	0.397	2	2.12	2.03	0.0621	0.152	0.0461	0.00532
TCGA.44.6778.01A	0.39	0.515	0.613	4	3.74	3.9	0.149	0.366	0	0
TCGA.44.6779.01A	0.38	0.398	0.127	2	2.31	2.12	0.288	0.11	0	0.0152
TCGA.44.7659.01A	0.56	0.287	0.196	2	2.05	2.03	0.136	0.151	0.0194	0.0194
TCGA.44.7660.01A	0.71	0.544	0.132	2	1.75	1.82	0.0977	0.446	0.029	0.0214
TCGA.44.7661.01A	0.12	0.491	0.83	2	2.07	2.01	0.213	0.279	0.262	0.0759
TCGA.44.7662.01A	0.36	0.391	0.243	2	2.07	2.02	0.162	0.228	0.00182	0.0255
TCGA.44.7667.01A	0.64	0.712	0.421	4	4.11	4.07	0.277	0.435	0	0
TCGA.44.7669.01A	0.66	0.425	0.566	4	3.59	3.73	0.0683	0.357	0	0
TCGA.44.7670.01A	0.68	0.777	0.111	2	2.39	2.26	0.427	0.35	0.00201	0.0221
TCGA.44.7671.01A	0.77	0.649	0.242	6	5.34	5.49	0.0267	0.622	0	0
TCGA.44.7672.01A	0.23	0.27	0.39	2	2	2	0.0632	0.207	0.0249	0.0575
TCGA.44.8117.01A	0.77	0.545	0.247	4	3.38	3.52	0.0613	0.484	0	0
TCGA.44.8119.01A	0.77	0.56	0.291	4	3.77	3.82	0.145	0.415	0	0
TCGA.44.8120.01A	0.47	0.389	0.19	2	2.04	2.02	0.209	0.18	0	0.037
TCGA.44.A479.01A	0.16	0.516	0.498	2	2.1	2.02	0.264	0.252	0.0983	0.0517
TCGA.44.A47A.01A	0.19	0.639	0.391	2	2.04	2.01	0.243	0.396	0.133	0.031
TCGA.44.A47B.01A	0.54	0.476	0.426	4	3.85	3.92	0.142	0.334	0	0
TCGA.44.A47F.01A	0.57	0.646	0.268	4	3.65	3.8	0.187	0.459	0	0
TCGA.44.A47G.01A	0.12	0.565	0.746	2	1.96	1.99	0.25	0.316	0.233	0.115
TCGA.44.A4SS.01A	0.19	0.384	0.39	2	1.93	1.99	0.152	0.232	0.0524	0.0487
TCGA.44.A4SU.01A	0.57	0.692	0.393	4	3.75	3.86	0.184	0.508	0	0
TCGA.49.4486.01A	0.74	0.182	0.102	2	2.09	2.07	0.126	0.0559	0.0104	0
TCGA.49.4487.01A	0.19	0.15	0.333	2	2.08	2.01	0.0562	0.0938	0.0281	0.00625
TCGA.49.4488.01A	0.73	0.619	0.51	4	3.87	3.91	0.196	0.424	0	0
TCGA.49.4490.01A	0.47	0.396	0.36	4	4.01	4.01	0.167	0.23	0	0
TCGA.49.4494.01A	0.46	0.399	0.49	4	4.03	4.01	0.0978	0.301	0	0
TCGA.49.4501.01A	0.51	0.665	0.478	4	3.63	3.81	0.163	0.502	0	0
TCGA.49.4505.01A	0.55	0.339	0.351	4	3.97	3.98	0.116	0.224	0	0
TCGA.49.4506.01A	0.29	0.333	0.0643	2	1.85	1.96	0.0468	0.287	0	0.0078
TCGA.49.4507.01A	0.39	0.648	0.167	2	2.01	2	0.37	0.278	0.006	0.028
TCGA.49.4510.01A	0.78	0.67	0.316	4	3.43	3.55	0.111	0.558	0	0
TCGA.49.4512.01A	0.51	0.32	0.144	2	1.93	1.97	0.085	0.235	0.00354	0.0248
TCGA.49.4514.01A	0.21	0.215	0.276	2	2.09	2.02	0.143	0.0724	0.0334	0.00371
TCGA.49.6742.01A	0.54	0.363	0.345	4	4.03	4.02	0.177	0.186	0	0
TCGA.49.6743.01A	0.26	0.418	0.435	2	2.12	2.03	0.255	0.163	0.0169	0.0225
TCGA.49.6744.01A	0.26	0.406	0.197	2	1.96	1.99	0.152	0.254	0.044	0.002
TCGA.49.6745.01A	0.86	0.357	0.0275	2	2	2	0.113	0.244	0	0
TCGA.49.6761.01A	0.34	0.732	0.228	2	2.16	2.05	0.461	0.272	0	0.0551
TCGA.49.6767.01A	0.56	0.694	0.43	4	3.58	3.76	0.17	0.524	0	0
TCGA.49.AAQV.01A	0.22	0.346	0.318	2	1.98	2	0.128	0.219	0.0577	0.0245
TCGA.49.AAR0.01A	0.99	0.0919	0.158	2	2.02	2.02	0.0411	0.0508	0	0.0133
TCGA.49.AAR2.01A	0.66	0.327	0.175	2	1.83	1.89	0.0448	0.282	0.0463	0
TCGA.49.AAR3.01A	0.16	0.352	0.415	2	1.92	1.99	0.128	0.224	0.034	0.078
TCGA.49.AAR4.01A	0.17	0.313	0.38	2	1.9	1.98	0.0944	0.219	0.0524	0.0402
TCGA.49.AAR9.01A	0.73	0.696	0.119	2	1.87	1.9	0.199	0.497	0.035	0.0129
TCGA.49.AARE.01A	0.5	0.621	0.0838	2	1.96	1.98	0.341	0.28	0.0018	0.0323
TCGA.49.AARN.01A	0.38	0.296	0.0485	2	1.84	1.94	0.0824	0.213	0.00717	0
TCGA.49.AARO.01A	0.37	0.532	0.43	4	3.75	3.91	0.112	0.42	0.00183	0.00183
TCGA.49.AARQ.01A	0.6	0.687	0.656	4	4.3	4.18	0.357	0.329	0	0
TCGA.49.AARR.01A	0.14	0.0883	0.306	2	2.01	2	0.0613	0.027	0.00901	0.0126
TCGA.4B.A93V.01A	0.74	0.524	0.0375	2	1.81	1.86	0.0878	0.436	0.00393	0
TCGA.50.5044.01A	0.51	0.107	0	2	2	2	0.0333	0.0741	0	0
TCGA.50.5045.01A	0.15	0.517	0.579	2	2.06	2.01	0.217	0.299	0.118	0.0783
TCGA.50.5049.01A	0.19	0.524	0.418	2	2.01	2	0.249	0.275	0.0892	0.0297
TCGA.50.5051.01A	0.88	0.492	0.0104	2	1.85	1.87	0.0744	0.418	0.00513	0
TCGA.50.5055.01A	0.14	0.161	0.62	2	2.07	2.01	0.0628	0.0977	0.0471	0.0175
TCGA.50.5066.01A	0.22	0.553	0.265	2	2.09	2.02	0.271	0.282	0.0392	0.029
TCGA.50.5066.02A	0.6	0.823	0.388	4	3.85	3.91	0.242	0.58	0	0
TCGA.50.5068.01A	0.3	0.556	0.0845	2	1.81	1.94	0.157	0.399	0.00587	0
TCGA.50.5072.01A	0.45	0.417	0.102	2	2.09	2.04	0.262	0.155	0	0.0115
TCGA.50.5931.01A	0.9	0.494	0.257	2	1.94	1.94	0.138	0.356	0.056	0.0149
TCGA.50.5932.01A	0.85	0.378	0.314	2	1.78	1.81	0.0724	0.306	0.109	0
TCGA.50.5933.01A	0.3	0.611	0.49	2	2.48	2.14	0.466	0.145	0.0198	0.0238
TCGA.50.5935.01A	0.69	0.689	0.479	6	6.29	6.2	0.404	0.285	0	0
TCGA.50.5936.01A	0.61	0.524	0.593	4	3.32	3.59	0.0841	0.44	0	0
TCGA.50.5939.01A	0.22	0.381	0.27	2	1.99	2	0.227	0.153	0.056	0.00181
TCGA.50.5941.01A	0.34	0.197	0.169	2	2.04	2.01	0.072	0.125	0.00267	0
TCGA.50.5942.01A	0.7	0.254	0.056	2	1.94	1.96	0.0915	0.163	0.0142	0
TCGA.50.5944.01A	0.84	0.397	0.0411	2	1.9	1.92	0.0628	0.334	0	0.00126
TCGA.50.6590.01A	0.18	0.318	0.549	2	2.14	2.03	0.158	0.16	0.0564	0.0491
TCGA.50.6591.01A	0.95	0.838	0.293	4	4.55	4.52	0.478	0.36	0	0
TCGA.50.6592.01A	0.31	0.673	0.331	2	1.88	1.96	0.199	0.474	0.0259	0.104
TCGA.50.6593.01A	0.34	0.445	0.209	2	2.16	2.05	0.266	0.179	0	0.0038
TCGA.50.6594.01A	0.8	0.589	0.259	4	3.6	3.68	0.168	0.42	0	0
TCGA.50.6595.01A	0.12	0.428	0.658	2	2.11	2.01	0.16	0.268	0.165	0.06
TCGA.50.6597.01A	0.55	0.672	0.293	4	3.81	3.9	0.241	0.432	0.00189	0
TCGA.50.6673.01A	0.64	0.211	0.129	2	2.05	2.03	0.0526	0.158	0	0
TCGA.50.7109.01A	0.51	0.526	0.203	2	2.16	2.08	0.369	0.157	0	0.0562
TCGA.50.8457.01A	0.1	0.332	0.819	2	2.14	2.01	0.151	0.181	0.181	0.0478
TCGA.50.8459.01A	0.17	0.239	0.426	2	1.95	1.99	0.128	0.111	0.0614	0.0145
TCGA.50.8460.01A	0.22	0.269	0.184	2	1.95	1.99	0.12	0.149	0.018	0
TCGA.53.7624.01A	0.8	0.608	0.396	4	3.26	3.41	0.0701	0.538	0	0
TCGA.53.7626.01A	0.41	0.446	0.749	4	3.49	3.79	0.07	0.376	0.006	0
TCGA.53.7813.01A	0.48	0.432	0.538	4	3.72	3.87	0.0738	0.358	0	0
TCGA.53.A4EZ.01A	0.53	0.728	0.224	4	3.73	3.85	0.238	0.49	0	0
TCGA.55.1592.01A	0.62	0.641	0.263	4	3.83	3.89	0.223	0.419	0	0
TCGA.55.1594.01A	0.68	0.672	0.396	4	3.74	3.82	0.215	0.457	0	0
TCGA.55.1595.01A	0.61	0.604	0.342	4	3.66	3.8	0.164	0.44	0	0
TCGA.55.1596.01A	0.77	0.628	0.521	4	3.65	3.73	0.237	0.391	0	0
TCGA.55.5899.01A	0.75	0.504	0.0567	2	1.77	1.83	0.0589	0.445	0	0.0143
TCGA.55.6543.01A	0.57	0.508	0.229	2	2.12	2.07	0.224	0.283	0.0335	0.0374
TCGA.55.6642.01A	0.39	0.399	0.15	2	2.09	2.03	0.259	0.139	0	0.013
TCGA.55.6712.01A	0.2	0.462	0.349	2	1.98	2	0.147	0.314	0.0859	0.0092
TCGA.55.6968.01A	0.56	0.397	0.0529	2	1.68	1.82	0.0401	0.357	0.00954	0.00191
TCGA.55.6969.01A	0.21	0.325	0.562	2	2.19	2.04	0.181	0.144	0.048	0.0424
TCGA.55.6970.01A	0.43	0.884	0.0939	2	1.74	1.89	0.255	0.629	0	0.0443
TCGA.55.6971.01A	0.16	0.139	0.554	2	2.04	2.01	0.0437	0.0958	0.0336	0.0353
TCGA.55.6972.01A	0.89	0.452	0.0297	2	1.9	1.91	0.146	0.306	0.00597	0
TCGA.55.6975.01A	0.2	0.175	0.318	2	1.87	1.97	0.0287	0.147	0.0399	0.00957
TCGA.55.6978.01A	0.17	0.377	0.423	2	2.02	2	0.173	0.204	0.066	0.035
TCGA.55.6979.01A	0.23	0.453	0.357	2	1.99	2	0.168	0.285	0.0597	0.0385
TCGA.55.6980.01A	0.24	0.319	0.275	2	2.02	2	0.116	0.203	0.0448	0.00187
TCGA.55.6981.01A	0.2	0.27	0.451	2	2.18	2.04	0.127	0.143	0.05	0.005
TCGA.55.6982.01A	0.15	0.535	0.449	2	2.26	2.04	0.309	0.226	0.119	0.0497
TCGA.55.6983.01A	0.17	0.414	0.405	2	1.97	2	0.13	0.284	0.0659	0.0169
TCGA.55.6985.01A	0.33	0.487	0.402	4	3.99	4	0.202	0.285	0.00792	0
TCGA.55.6986.01A	0.15	0.341	0.57	2	1.93	1.99	0.151	0.19	0.113	0.0198
TCGA.55.6987.01A	0.17	0.131	0.625	2	2	2	0.02	0.111	0.00909	0.0655
TCGA.55.7281.01A	0.52	0.178	0.196	2	2.01	2.01	0.0925	0.0855	0	0.0349
TCGA.55.7283.01A	0.6	0.443	0.507	4	3.82	3.89	0.122	0.322	0	0
TCGA.55.7284.01B	0.99	0.158	0	2	2.03	2.03	0.11	0.048	0	0
TCGA.55.7570.01A	0.51	0.474	0.192	2	1.75	1.87	0.108	0.365	0.049	0.042
TCGA.55.7573.01A	0.2	0.135	0.333	2	1.99	2	0.025	0.11	0.0266	0.00832
TCGA.55.7574.01A	0.17	0.181	0.594	2	2.03	2	0.0772	0.104	0.0245	0.0716
TCGA.55.7576.01A	0.59	0.582	0.493	4	3.46	3.68	0.134	0.448	0	0
TCGA.55.7724.01A	0.2	0.275	0.306	2	1.81	1.96	0.0361	0.239	0.0688	0.00344
TCGA.55.7725.01A	0.58	0.127	0.0385	2	1.94	1.96	0.031	0.0964	0.0049	0
TCGA.55.7726.01A	0.27	0.431	0.249	2	2.07	2.02	0.213	0.218	0.0281	0.00527
TCGA.55.7727.01A	0.4	0.452	0.123	2	2.11	2.05	0.263	0.189	0.0037	0.0037
TCGA.55.7728.01A	0.28	0.0273	0.6	2	2.05	2.01	0.0164	0.0109	0.00364	0
TCGA.55.7815.01A	0.23	0.377	0.129	2	2.03	2.01	0.174	0.203	0.0156	0
TCGA.55.7903.01A	0.58	0.372	0.108	2	1.88	1.93	0.111	0.261	0	0.0109
TCGA.55.7907.01A	0.53	0.551	0.615	4	3.86	3.93	0.184	0.367	0	0
TCGA.55.7910.01A	0.76	0.707	0.238	4	3.48	3.6	0.199	0.508	0	0
TCGA.55.7911.01A	0.18	0.135	0.438	2	2.13	2.02	0.083	0.0517	0.0203	0.00554
TCGA.55.7913.01B	0.4	0.528	0.354	4	4.2	4.08	0.349	0.179	0	0.00157
TCGA.55.7914.01A	0.55	0.285	0.704	4	3.64	3.8	0.0388	0.246	0	0
TCGA.55.7994.01A	0.61	0.698	0.351	4	3.57	3.74	0.141	0.557	0	0
TCGA.55.7995.01A	0.53	0.411	0.255	2	2.07	2.04	0.24	0.172	0	0.0074
TCGA.55.8085.01A	0.54	0.429	0.138	2	1.99	1.99	0.115	0.314	0.0139	0.00174
TCGA.55.8087.01A	0.83	0.22	0.016	2	1.99	1.99	0.109	0.111	0.00176	0
TCGA.55.8089.01A	0.19	0.187	0.422	2	1.93	1.99	0.0377	0.149	0.0394	0.0205
TCGA.55.8090.01A	0.76	0.171	0	2	1.95	1.96	0.00898	0.162	0	0
TCGA.55.8091.01A	0.59	0.323	0.255	4	3.88	3.93	0.0789	0.244	0	0
TCGA.55.8092.01A	0.5	0.444	0.527	4	4.07	4.04	0.17	0.274	0	0.00181
TCGA.55.8094.01A	0.81	0.631	0.117	2	2.11	2.09	0.304	0.327	0.0306	0.0234
TCGA.55.8096.01A	0.2	0.439	0.364	2	2.27	2.05	0.194	0.246	0.0572	0.00673
TCGA.55.8097.01A	0.57	0.345	0.305	4	3.89	3.94	0.126	0.219	0	0
TCGA.55.8203.01A	0.49	0.286	0.577	4	3.68	3.84	0.0327	0.253	0	0.00142
TCGA.55.8204.01A	0.22	0.211	0.311	2	2.08	2.02	0.0815	0.13	0.0433	0
TCGA.55.8205.01A	0.15	0.2	0.613	2	2.1	2.02	0.0774	0.123	0.0532	0.0371
TCGA.55.8206.01A	0.55	0.352	0.48	4	3.78	3.88	0.0139	0.338	0	0
TCGA.55.8207.01A	0.7	0.494	0.416	4	3.65	3.76	0.0778	0.417	0	0
TCGA.55.8208.01A	0.16	0.386	0.441	2	1.84	1.97	0.101	0.284	0.0815	0.0598
TCGA.55.8299.01A	0.12	0.0479	0.778	2	1.99	2	0.0106	0.0372	0.0248	0.00532
TCGA.55.8301.01A	0.2	0.304	0.463	2	2.1	2.02	0.117	0.187	0.0464	0.0538
TCGA.55.8505.01A	0.21	0.103	0.379	2	1.97	1.99	0.0301	0.0727	0.0266	0.00532
TCGA.55.8506.01A	0.63	0.503	0.393	4	3.72	3.83	0.122	0.381	0	0
TCGA.55.8507.01A	0.7	0.54	0.351	4	3.74	3.82	0.154	0.385	0	0
TCGA.55.8508.01A	0.46	0.529	0.197	2	2.06	2.03	0.309	0.22	0.00168	0.0437
TCGA.55.8510.01A	0.21	0.346	0.349	2	2.01	2	0.11	0.236	0.0713	0.00548
TCGA.55.8511.01A	0.26	0.342	0.317	2	2.16	2.04	0.174	0.168	0.0289	0.0217
TCGA.55.8512.01A	0.2	0.0924	0.266	2	1.96	1.99	0.026	0.0664	0.0115	0.00144
TCGA.55.8513.01A	0.98	0.347	0	2	2	2	0.186	0.161	0	0
TCGA.55.8514.01A	0.7	0.532	0.602	4	3.31	3.52	0.0793	0.453	0	0
TCGA.55.8614.01A	0.25	0.384	0.486	2	2.26	2.06	0.161	0.223	0.0849	0
TCGA.55.8615.01A	0.8	0.54	0.338	4	3.91	3.93	0.16	0.381	0	0
TCGA.55.8616.01A	0.47	0.511	0.236	2	2.39	2.18	0.344	0.168	0	0.0147
TCGA.55.8619.01A	0.13	0.215	0.684	2	1.96	1.99	0.105	0.109	0.0866	0.0226
TCGA.55.8620.01A	0.64	0.574	0.0883	2	1.97	1.98	0.217	0.356	0	0.031
TCGA.55.8621.01A	0.15	0.0484	0.679	2	2	2	0.019	0.0294	0.0173	0.00865
TCGA.55.A48X.01A	0.22	0.768	0.17	2	1.6	1.91	0.0661	0.701	0.104	0.00601
TCGA.55.A48Y.01A	0.2	0.418	0.239	2	2.04	2.01	0.237	0.182	0.055	0
TCGA.55.A48Z.01A	0.51	0.477	0.577	4	3.84	3.92	0.106	0.372	0	0
TCGA.55.A490.01A	0.65	0.647	0.339	4	4.08	4.05	0.274	0.373	0	0
TCGA.55.A491.01A	0.46	0.422	0.302	4	4.07	4.03	0.183	0.239	0	0
TCGA.55.A492.01A	0.68	0.288	0.162	2	1.97	1.98	0.0849	0.204	0.0102	0
TCGA.55.A493.01A	0.17	0.329	0.477	2	1.78	1.96	0.0584	0.27	0.0952	0.0445
TCGA.55.A494.01A	0.85	0.52	0.316	4	4.35	4.3	0.256	0.264	0	0
TCGA.55.A4DF.01A	0.49	0.779	0.0986	2	1.9	1.95	0.176	0.603	0.00366	0.0347
TCGA.55.A4DG.01A	0.58	0.657	0.561	4	3.65	3.8	0.149	0.508	0	0
TCGA.55.A57B.01A	0.17	0.461	0.318	2	1.93	1.99	0.122	0.339	0.0972	0.0264
TCGA.62.8394.01A	0.57	0.692	0.151	2	2.03	2.02	0.277	0.415	0.0393	0.028
TCGA.62.8395.01A	0.63	0.458	0.0944	2	1.9	1.94	0.168	0.29	0.00962	0
TCGA.62.8397.01A	0.87	0.35	0.13	2	1.82	1.84	0.0587	0.292	0.0455	0
TCGA.62.8398.01A	0.72	0.291	0.0251	2	1.88	1.92	0.0307	0.26	0.00292	0.00438
TCGA.62.8399.01A	0.48	0.703	0.0441	2	1.9	1.95	0.227	0.477	0	0.0194
TCGA.62.8402.01A	0.69	0.684	0.279	2	1.89	1.92	0.278	0.406	0.016	0.157
TCGA.62.A46O.01A	0.88	0.736	0.223	4	3.46	3.52	0.137	0.599	0	0
TCGA.62.A46P.01A	0.67	0.384	0.108	2	1.92	1.95	0.0466	0.338	0.0293	0
TCGA.62.A46R.01A	0.5	0.643	0.253	4	3.71	3.86	0.181	0.462	0	0
TCGA.62.A46S.01A	0.6	0.519	0.289	4	4.15	4.09	0.245	0.273	0	0
TCGA.62.A46U.01A	0.35	0.419	0.477	4	4.01	4.01	0.181	0.238	0	0.0151
TCGA.62.A46V.01A	0.48	0.263	0.168	2	2.17	2.08	0.239	0.0238	0.0017	0.0034
TCGA.62.A46Y.01A	0.4	0.427	0.119	2	2.01	2	0.162	0.264	0.00196	0
TCGA.62.A471.01A	0.57	0.634	0.458	4	3.59	3.76	0.135	0.499	0	0
TCGA.62.A472.01A	0.52	0.345	0.145	2	2.08	2.04	0.141	0.203	0.00172	0.0172
TCGA.64.1676.01A	0.53	0.594	0.736	4	3.4	3.68	0.0941	0.5	0	0
TCGA.64.1677.01A	0.36	0.653	0.156	2	1.98	1.99	0.274	0.38	0	0.00193
TCGA.64.1678.01A	0.72	0.455	0.272	4	3.7	3.78	0.0801	0.375	0	0
TCGA.64.1679.01A	0.38	0.523	0.639	4	3.62	3.86	0.0825	0.44	0	0
TCGA.64.1680.01A	0.75	0.224	0.43	4	3.9	3.93	0.0648	0.159	0	0
TCGA.64.1681.01A	0.53	0.535	0.392	4	3.74	3.86	0.0983	0.437	0	0
TCGA.64.5774.01A	0.86	0.807	0.401	4	2.99	3.13	0.0569	0.75	0	0
TCGA.64.5775.01A	0.81	0.86	0.257	4	3.44	3.55	0.176	0.684	0	0
TCGA.64.5778.01A	0.57	0.603	0.455	4	3.51	3.72	0.178	0.425	0	0
TCGA.64.5779.01A	0.53	0.661	0.0354	2	1.96	1.98	0.207	0.454	0	0.0078
TCGA.64.5781.01A	0.24	0.436	0.201	2	2.04	2.01	0.244	0.191	0.0578	0
TCGA.64.5815.01A	0.2	0.28	0.325	2	2.15	2.03	0.208	0.0717	0.028	0.0122
TCGA.67.3770.01A	0.65	0.569	0.232	2	1.95	1.97	0.267	0.301	0.0178	0.0642
TCGA.67.3771.01A	0.54	0.764	0.119	2	2.02	2.01	0.304	0.461	0.00349	0.0471
TCGA.67.3772.01A	0.43	0.53	0.512	4	3.74	3.89	0.179	0.35	0	0
TCGA.67.3773.01A	0.71	0.159	0.299	2	1.95	1.97	0.0459	0.113	0.0148	0.018
TCGA.67.3774.01A	0.45	0.281	0.0993	2	2.08	2.04	0.214	0.067	0.00372	0
TCGA.67.4679.01B	0.68	0.316	0.104	2	2.04	2.03	0.181	0.136	0.00205	0
TCGA.67.6215.01A	0.71	0.382	0.189	2	2.2	2.14	0.252	0.131	0.00201	0.0342
TCGA.67.6216.01A	0.93	0.137	0	2	1.95	1.95	0.0107	0.126	0	0
TCGA.67.6217.01A	0.21	0.321	0.252	2	2.23	2.05	0.137	0.184	0.0221	0.00147
TCGA.69.7760.01A	0.74	0.59	0.0451	2	1.89	1.92	0.143	0.447	0.00332	0
TCGA.69.7761.01A	0.2	0.162	0.224	2	1.93	1.99	0.0285	0.133	0.0304	0.0019
TCGA.69.7763.01A	0.67	0.117	0.0235	2	2	2	0.0521	0.0645	0	0
TCGA.69.7764.01A	0.77	0.423	0.362	4	3.71	3.78	0.104	0.319	0	0
TCGA.69.7765.01A	0.19	0.344	0.482	2	2.29	2.06	0.202	0.143	0.0527	0.0171
TCGA.69.7973.01A	0.71	0.519	0.518	4	3.47	3.62	0.0733	0.445	0	0
TCGA.69.7974.01A	0.35	0.367	0.436	4	4.04	4.01	0.132	0.234	0.00162	0
TCGA.69.7978.01A	0.24	0.168	0.409	2	2	2	0.087	0.0815	0.00725	0.00725
TCGA.69.7980.01A	0.68	0.75	0.45	4	3.95	3.96	0.332	0.418	0	0
TCGA.69.8253.01A	0.17	0.314	0.517	2	2	2	0.0345	0.279	0.03	0.111
TCGA.69.8254.01A	0.23	0.47	0.0402	2	1.98	1.99	0.236	0.234	0.00943	0
TCGA.69.8255.01A	0.49	0.218	0.267	2	2.13	2.06	0.157	0.0613	0	0.00598
TCGA.69.8453.01A	0.19	0.137	0.39	2	1.91	1.98	0.0184	0.119	0.0351	0.00835
TCGA.69.A59K.01A	0.56	0.627	0.523	4	3.35	3.64	0.168	0.459	0	0
TCGA.71.6725.01A	0.67	0.641	0.206	2	2.21	2.14	0.315	0.327	0.01	0.0521
TCGA.73.4658.01A	0.48	0.195	0.0274	2	1.99	2	0.0415	0.154	0	0.00535
TCGA.73.4659.01A	0.45	0.515	0.674	4	3.7	3.86	0.11	0.404	0	0
TCGA.73.4662.01A	0.59	0.463	0.209	2	2.01	2	0.18	0.282	0	0.0346
TCGA.73.4666.01A	0.53	0.756	0.427	4	3.91	3.95	0.276	0.48	0	0
TCGA.73.4668.01A	0.65	0.575	0.222	4	3.52	3.69	0.0971	0.478	0	0
TCGA.73.4670.01A	0.76	0.791	0.427	4	2.92	3.18	0.0704	0.72	0	0
TCGA.73.4675.01A	0.7	0.341	0.264	4	3.89	3.92	0.128	0.213	0	0
TCGA.73.4676.01A	0.62	0.345	0.682	2	2.41	2.25	0.324	0.0217	0	0.0376
TCGA.73.4677.01A	0.57	0.612	0.617	4	3.73	3.85	0.097	0.515	0	0
TCGA.73.7498.01A	0.57	0.307	0.228	2	1.97	1.98	0.116	0.192	0.019	0
TCGA.73.7499.01A	0.24	0.448	0.493	2	2.75	2.18	0.349	0.0982	0.0354	0
TCGA.73.A9RS.01A	0.63	0.854	0.232	2	2.47	2.29	0.536	0.318	0.0168	0.0206
TCGA.75.5122.01A	0.99	0.208	0.0177	2	2.03	2.03	0.0866	0.122	0	0
TCGA.75.5125.01A	0.22	0.307	0.425	2	2.13	2.03	0.151	0.156	0.0634	0
TCGA.75.5126.01A	0.17	0.359	0.485	2	2.07	2.01	0.153	0.205	0.0665	0.0536
TCGA.75.5146.01A	0.18	0.343	0.27	2	2.42	2.07	0.271	0.0713	0.0304	0.00117
TCGA.75.5147.01A	0.48	0.425	0.121	2	2.04	2.02	0.138	0.287	0.00184	0
TCGA.75.6203.01A	0.24	0.4	0.487	2	2.15	2.04	0.244	0.156	0.0287	0.0205
TCGA.75.6205.01A	0.17	0.322	0.453	2	1.98	2	0.102	0.22	0.0705	0.0403
TCGA.75.6206.01A	0.76	0.708	0.689	4	3.4	3.54	0.0992	0.609	0	0
TCGA.75.6207.01A	0.84	0.381	0.0683	2	1.94	1.95	0.125	0.256	0.00685	0.00274
TCGA.75.6211.01A	0.49	0.431	0.536	4	3.94	3.97	0.13	0.301	0	0
TCGA.75.6212.01A	0.11	0.74	0.879	2	3.59	2.17	0.622	0.117	0.0974	0.145
TCGA.75.6214.01A	0.74	0.756	0.231	4	4.13	4.1	0.391	0.365	0	0
TCGA.75.7025.01A	0.47	0.442	0.325	4	3.82	3.91	0.147	0.294	0	0
TCGA.75.7027.01A	0.76	0.758	0.239	4	3.67	3.75	0.257	0.501	0	0
TCGA.75.7030.01A	0.99	0.00797	0.5	2	2	2	0	0.00797	0	0.00398
TCGA.75.7031.01A	0.65	0.381	0.478	4	4.2	4.13	0.154	0.227	0	0
TCGA.78.7143.01A	0.7	0.458	0.117	2	1.99	1.99	0.172	0.285	0	0.0112
TCGA.78.7145.01A	0.85	0.444	0.0781	2	1.74	1.78	0.0194	0.425	0.0306	0
TCGA.78.7146.01A	0.71	0.661	0.113	2	1.99	1.99	0.294	0.367	0.0104	0.033
TCGA.78.7147.01A	0.72	0.401	0.0486	2	1.76	1.83	0.0406	0.36	0.00974	0
TCGA.78.7148.01A	0.67	0.0962	0.0179	2	2	2	0.0344	0.0619	0	0
TCGA.78.7149.01A	0.71	0.338	0.00485	2	1.9	1.93	0.0624	0.276	0.00164	0
TCGA.78.7150.01A	0.54	0.256	0.259	2	2.08	2.04	0.189	0.0662	0	0.0195
TCGA.78.7152.01A	0.5	0.151	0.0241	2	1.92	1.96	0.0309	0.12	0.00181	0
TCGA.78.7153.01A	0.75	0.221	0.0968	2	2.06	2.04	0.0642	0.157	0.00891	0
TCGA.78.7154.01A	0.59	0.718	0.178	2	2.1	2.06	0.353	0.365	0.00186	0.0872
TCGA.78.7155.01A	0.84	0.604	0.106	2	1.77	1.81	0.118	0.486	0.0378	0.0102
TCGA.78.7156.01A	0.79	0.184	0.0532	2	1.97	1.98	0.082	0.102	0.00977	0
TCGA.78.7158.01A	0.93	0.182	0.147	2	2.07	2.07	0.112	0.0696	0.0107	0
TCGA.78.7159.01A	0.63	0.267	0.127	2	2.03	2.02	0.0801	0.187	0	0
TCGA.78.7160.01A	0.88	0.0325	0.0435	2	2	2	0.00282	0.0297	0	0
TCGA.78.7161.01A	0.86	0.513	0.0649	2	1.81	1.84	0.0635	0.449	0.0227	0.00454
TCGA.78.7162.01A	0.25	0.154	0.526	2	2.02	2	0.0652	0.0889	0.0375	0
TCGA.78.7163.01A	0.71	0.571	0.197	2	2.37	2.26	0.384	0.186	0.0214	0.00971
TCGA.78.7166.01A	0.84	0.0722	0.135	2	2.01	2.01	0.0347	0.0375	0	0
TCGA.78.7167.01A	0.94	0.374	0.321	4	4.13	4.12	0.202	0.172	0	0
TCGA.78.7220.01A	0.66	0.67	0.0829	2	1.75	1.84	0.152	0.519	0.0204	0.0259
TCGA.78.7535.01A	0.74	0.601	0.829	4	3.05	3.3	0.0131	0.588	0	0
TCGA.78.7536.01A	0.82	0.703	0.207	4	3.54	3.62	0.176	0.527	0	0
TCGA.78.7537.01A	0.78	0.139	0.585	4	4.09	4.07	0.0832	0.056	0	0
TCGA.78.7539.01A	0.68	0.683	0.599	4	3.81	3.87	0.194	0.489	0	0
TCGA.78.7540.01A	0.59	0.302	0.123	2	1.95	1.97	0.071	0.231	0.0129	0.0242
TCGA.78.7542.01A	0.59	0.278	0.133	2	2	2	0.0963	0.181	0	0.0225
TCGA.78.7633.01A	0.74	0.414	0.0777	2	2.18	2.13	0.285	0.129	0.0321	0
TCGA.78.8648.01A	0.99	0.115	0	2	2	2	0.0374	0.078	0	0
TCGA.78.8655.01A	0.66	0.379	0.191	2	1.95	1.97	0.132	0.247	0.0204	0.0316
TCGA.78.8660.01A	0.19	0.327	0.332	2	1.94	1.99	0.132	0.196	0.0674	0.0214
TCGA.78.8662.01A	0.83	0.719	0.402	4	3.25	3.38	0.098	0.621	0	0
TCGA.80.5607.01A	0.18	0.243	0.371	2	2.02	2	0.132	0.111	0.0278	0.0139
TCGA.80.5608.01A	0.6	0.537	0.0328	2	1.89	1.94	0.118	0.419	0	0.00352
TCGA.80.5611.01A	0.72	0.406	0.141	2	2.09	2.07	0.239	0.167	0	0.0161
TCGA.83.5908.01A	0.18	0.434	0.342	2	2.23	2.04	0.294	0.141	0.0372	0.0137
TCGA.86.6562.01A	0.54	0.703	0.197	2	2.2	2.11	0.373	0.331	0	0.0285
TCGA.86.6851.01A	0.43	0.571	0.457	4	3.76	3.9	0.139	0.432	0	0
TCGA.86.7701.01A	0.51	0.294	0.151	2	2.05	2.03	0.159	0.135	0	0.0111
TCGA.86.7711.01A	0.18	0.172	0.525	2	2.21	2.04	0.0789	0.0933	0.0115	0.0187
TCGA.86.7713.01A	0.77	0.386	0.0972	2	1.96	1.97	0.112	0.273	0.00893	0.00179
TCGA.86.7714.01A	0.64	0.231	0	2	1.93	1.95	0.104	0.127	0	0
TCGA.86.7953.01A	0.44	0.459	0.111	2	1.79	1.91	0.0624	0.397	0.0246	0
TCGA.86.7954.01A	0.44	0.426	0.621	4	4.24	4.1	0.263	0.164	0	0
TCGA.86.7955.01A	0.83	0.657	0.356	4	3.57	3.64	0.158	0.499	0	0
TCGA.86.8054.01A	0.8	0.551	0.227	4	3.78	3.83	0.154	0.397	0	0
TCGA.86.8055.01A	0.75	0.206	0.107	2	2.04	2.03	0.09	0.117	0	0
TCGA.86.8056.01A	0.6	0.174	0.0495	2	1.92	1.95	0.0327	0.141	0	0
TCGA.86.8073.01A	0.24	0.367	0.258	2	2.08	2.02	0.225	0.142	0.0338	0
TCGA.86.8074.01A	0.68	0.768	0.363	4	3.86	3.9	0.299	0.469	0	0
TCGA.86.8075.01A	0.47	0.397	0.541	4	3.97	3.98	0.141	0.256	0	0
TCGA.86.8076.01A	0.87	0.264	0	2	2	2	0.0849	0.179	0	0
TCGA.86.8278.01A	0.52	0.182	0.143	2	1.89	1.94	0.013	0.169	0.0223	0.00371
TCGA.86.8279.01A	0.78	0.878	0.283	4	3.05	3.26	0.166	0.712	0	0
TCGA.86.8280.01A	0.42	0.552	0.364	2	2.05	2.02	0.253	0.299	0.00386	0.0656
TCGA.86.8281.01A	0.68	0.135	0.0933	2	2.08	2.05	0.0937	0.0414	0	0
TCGA.86.8359.01A	0.5	0.603	0.29	2	2.19	2.1	0.345	0.258	0.0017	0.0951
TCGA.86.8585.01A	0.18	0.38	0.475	2	2.21	2.04	0.156	0.224	0.0564	0.0596
TCGA.86.8668.01A	0.88	0.465	0.0811	2	2.01	2.01	0.228	0.237	0	0
TCGA.86.8669.01A	0.75	0.38	0.172	2	1.96	1.97	0.0769	0.303	0.0131	0.0174
TCGA.86.8671.01A	0.12	0.347	0.76	2	2.04	2	0.204	0.143	0.152	0.0523
TCGA.86.8673.01A	0.71	0.17	0.449	2	2.15	2.11	0.127	0.0432	0	0
TCGA.86.8674.01A	0.22	0.153	0.351	2	2.1	2.02	0.07	0.0831	0.00651	0
TCGA.86.A456.01A	0.17	0.443	0.242	2	1.94	1.99	0.194	0.249	0.0519	0.0138
TCGA.86.A4D0.01A	0.74	0.481	0.081	2	2.08	2.06	0.195	0.286	0.00449	0.0135
TCGA.86.A4JF.01A	0.18	0.441	0.443	2	2.09	2.02	0.192	0.25	0.114	0.013
TCGA.86.A4P7.01A	0.11	0.569	0.735	2	2.03	2	0.262	0.307	0.275	0.0632
TCGA.86.A4P8.01A	0.99	0.24	0	2	2	2	0.101	0.139	0	0
TCGA.91.6828.01A	0.61	0.34	0.137	2	2.12	2.07	0.157	0.184	0	0.0166
TCGA.91.6829.01A	0.69	0.27	0.223	2	2.15	2.1	0.186	0.0841	0	0.0276
TCGA.91.6830.01A	0.23	0.515	0.166	2	1.83	1.96	0.235	0.28	0.0583	0
TCGA.91.6831.01A	0.65	0.63	0.266	4	3.67	3.79	0.186	0.444	0	0
TCGA.91.6835.01A	0.2	0.459	0.295	2	1.89	1.98	0.114	0.345	0.0305	0.04
TCGA.91.6836.01A	0.81	0.492	0.109	2	1.8	1.84	0.0596	0.432	0.0298	0.00298
TCGA.91.6840.01A	0.69	0.73	0.27	4	3.92	3.95	0.301	0.429	0	0
TCGA.91.6847.01A	0.9	0.792	0.291	4	3.93	3.94	0.346	0.446	0	0.0113
TCGA.91.6848.01A	0.42	0.849	0.627	4	3.91	3.96	0.341	0.508	0.00204	0
TCGA.91.6849.01A	0.59	0.4	0.0583	2	1.89	1.94	0.113	0.287	0.0133	0
TCGA.91.7771.01A	0.5	0.372	0.0985	2	2.08	2.04	0.187	0.185	0.00183	0.00367
TCGA.91.8496.01A	0.58	0.27	0.135	2	2.08	2.05	0.103	0.167	0	0
TCGA.91.8497.01A	0.19	0.226	0.289	2	1.98	2	0.113	0.113	0.0297	0.00445
TCGA.91.8499.01A	0.83	0.691	0.106	2	1.67	1.72	0.0872	0.604	0.0285	0.0174
TCGA.91.A4BC.01A	0.18	0.546	0.456	2	2.11	2.02	0.232	0.314	0.0688	0.0576
TCGA.93.7347.01A	0.18	0.273	0.338	2	2.04	2.01	0.122	0.15	0.0425	0.023
TCGA.93.7348.01A	0.2	0.362	0.417	2	2.06	2.01	0.215	0.147	0.0446	0.0562
TCGA.93.8067.01A	0.5	0.567	0.507	4	3.69	3.84	0.165	0.402	0	0
TCGA.93.A4JN.01A	0.44	0.221	0.13	2	2.03	2.01	0.0808	0.14	0	0
TCGA.93.A4JO.01A	0.18	0.313	0.443	2	1.83	1.97	0.0694	0.244	0.0769	0.045
TCGA.93.A4JP.01A	0.18	0.239	0.271	2	1.98	2	0.0649	0.174	0.0223	0.0101
TCGA.93.A4JQ.01A	0.17	0.124	0.5	2	1.99	2	0.0383	0.0856	0.0164	0.0346
TCGA.95.7039.01A	0.52	0.67	0.133	2	2.22	2.12	0.387	0.283	0	0.0138
TCGA.95.7043.01A	0.89	0.641	0.0869	2	1.76	1.78	0.127	0.514	0.0214	0.0157
TCGA.95.7562.01A	0.72	0.75	0.366	4	3.55	3.68	0.157	0.593	0	0
TCGA.95.7567.01A	0.54	0.613	0.238	2	2.24	2.13	0.385	0.228	0.0156	0.0156
TCGA.95.7944.01A	0.25	0.17	0.392	2	2.04	2.01	0.0614	0.109	0.0175	0.0193
TCGA.95.7947.01A	0.65	0.363	0.138	2	1.86	1.91	0.0933	0.27	0.0117	0.015
TCGA.95.7948.01A	0.82	0.593	0.278	4	3.71	3.76	0.248	0.345	0	0
TCGA.95.8494.01A	0.72	0.464	0.38	4	3.71	3.79	0.103	0.361	0	0
TCGA.95.A4VK.01A	0.99	0.378	0	2	1.94	1.94	0.0262	0.352	0	0
TCGA.95.A4VN.01A	0.16	0.416	0.555	2	2.09	2.02	0.192	0.223	0.0672	0.114
TCGA.95.A4VP.01A	0.18	0.324	0.309	2	1.99	2	0.115	0.209	0.0478	0.0179
TCGA.97.7546.01A	0.45	0.389	0.318	4	3.92	3.96	0.116	0.273	0	0
TCGA.97.7552.01A	0.97	0.0313	0	2	2	2	0	0.0313	0	0
TCGA.97.7553.01A	0.19	0.393	0.401	2	1.77	1.96	0.0761	0.317	0.106	0.0294
TCGA.97.7554.01A	0.47	0.575	0.372	4	3.91	3.96	0.226	0.349	0	0
TCGA.97.7937.01A	0.68	0.51	0.276	4	3.68	3.78	0.111	0.399	0	0
TCGA.97.7938.01A	0.58	0.273	0.116	2	1.92	1.96	0.0712	0.202	0.0318	0
TCGA.97.7941.01A	0.18	0.147	0.47	2	2	2	0.0777	0.0689	0.0265	0.0212
TCGA.97.8171.01A	0.79	0.554	0.19	2	2.13	2.11	0.225	0.329	0	0
TCGA.97.8172.01A	0.21	0.242	0.687	2	2.08	2.02	0.0832	0.159	0.101	0.00181
TCGA.97.8174.01A	0.18	0.443	0.322	2	2.16	2.03	0.216	0.226	0.0639	0.0082
TCGA.97.8175.01A	0.24	0.138	0.218	2	1.96	1.99	0.0479	0.0904	0.00887	0
TCGA.97.8176.01A	0.17	0.447	0.407	2	2.21	2.04	0.253	0.194	0.0859	0.0116
TCGA.97.8177.01A	0.22	0.238	0.346	2	2.07	2.02	0.101	0.136	0.0385	0.00175
TCGA.97.8179.01A	0.37	0.407	0.316	2	2.8	2.3	0.386	0.0211	0	0
TCGA.97.8547.01A	0.28	0.151	0.416	2	2.17	2.05	0.0673	0.0837	0.0194	0
TCGA.97.8552.01A	0.35	0.342	0.222	2	2.08	2.03	0.145	0.198	0.00176	0.0212
TCGA.97.A4LX.01A	0.16	0.0611	0.368	2	2	2	0.00965	0.0514	0.0177	0.00161
TCGA.97.A4M0.01A	0.7	0.332	0.0812	2	1.88	1.91	0.0825	0.249	0.0152	0
TCGA.97.A4M1.01A	0.43	0.285	0.647	4	3.96	3.98	0.114	0.171	0	0
TCGA.97.A4M2.01A	0.11	0.117	0.828	2	2.01	2	0.0546	0.0619	0.0619	0.00911
TCGA.97.A4M3.01A	0.63	0.353	0.223	2	2	2	0.161	0.191	0.00375	0.0225
TCGA.97.A4M5.01A	0.21	0.0965	0.317	2	1.92	1.98	0.00643	0.09	0.0305	0
TCGA.97.A4M6.01A	0.29	0.408	0.154	2	2.25	2.07	0.343	0.0648	0.00571	0.019
TCGA.97.A4M7.01A	0.25	0.292	0.168	2	1.94	1.98	0.105	0.186	0.0169	0.0113
TCGA.99.7458.01A	0.15	0.323	0.521	2	1.96	1.99	0.132	0.191	0.0856	0.03
TCGA.99.8025.01A	0.66	0.579	0.442	4	3.92	3.95	0.166	0.413	0	0
TCGA.99.8028.01A	0.13	0.252	0.647	2	1.92	1.99	0.0727	0.18	0.104	0.0356
TCGA.99.8032.01A	0.17	0.374	0.409	2	2.14	2.02	0.192	0.182	0.0757	0.0145
TCGA.99.8033.01A	0.18	0.399	0.367	2	2.27	2.05	0.272	0.127	0.0529	0.0159
TCGA.99.AA5R.01A	0.6	0.00295	0	2	2	2	0	0.00295	0	0
TCGA.J2.8192.01A	0.44	0.733	0.252	2	2.2	2.09	0.492	0.241	0	0.0409
TCGA.J2.8194.01A	0.45	0.62	0.298	4	3.94	3.97	0.164	0.456	0	0
TCGA.J2.A4AD.01A	0.56	0.551	0.286	4	3.78	3.88	0.204	0.347	0	0
TCGA.J2.A4AE.01A	0.52	0.47	0.282	2	2.08	2.04	0.24	0.23	0.0195	0.0234
TCGA.J2.A4AG.01A	0.15	0.305	0.554	2	1.96	1.99	0.15	0.155	0.0843	0.0448
TCGA.L4.A4E5.01A	0.63	0.605	0.209	2	1.69	1.81	0.128	0.476	0.0751	0.0455
TCGA.L4.A4E6.01A	0.88	0.364	0	2	2	2	0.162	0.201	0	0
TCGA.L9.A443.01A	0.63	0.438	0.0453	2	1.91	1.95	0.153	0.285	0.00425	0
TCGA.L9.A444.01A	0.22	0.342	0.405	2	2.38	2.08	0.205	0.137	0.0318	0
TCGA.L9.A50W.01A	0.77	0.35	0.0478	2	1.88	1.9	0.104	0.246	0.0168	0
TCGA.L9.A5IP.01A	0.66	0.841	0.735	4	2.78	3.19	0.0669	0.774	0	0
TCGA.L9.A743.01A	0.18	0.404	0.469	2	1.99	2	0.152	0.252	0.0455	0.0873
TCGA.L9.A7SV.01A	0.85	0.829	0.14	4	3.58	3.65	0.221	0.607	0	0
TCGA.L9.A8F4.01A	0.37	0.616	0.131	2	2.03	2.01	0.27	0.346	0.00175	0.0158
TCGA.MN.A4N1.01A	0.69	0.647	0.237	2	2	2	0.202	0.445	0.0177	0.0823
TCGA.MN.A4N4.01A	0.49	0.463	0.378	4	4.12	4.06	0.201	0.262	0	0
TCGA.MN.A4N5.01A	0.48	0.267	0.191	2	2.1	2.05	0.133	0.135	0	0
TCGA.MP.A4SV.01A	0.46	0.617	0.476	4	4.02	4.01	0.274	0.343	0	0
TCGA.MP.A4SW.01A	0.37	0.447	0.18	2	2.14	2.05	0.265	0.182	0.00384	0.0211
TCGA.MP.A4SY.01A	0.15	0.508	0.576	2	2.33	2.05	0.265	0.242	0.106	0.0788
TCGA.MP.A4T2.01A	0.68	0.37	0.264	4	3.97	3.98	0.163	0.208	0	0
TCGA.MP.A4T4.01A	0.24	0.327	0.409	2	1.88	1.97	0.0574	0.27	0.0593	0.0459
TCGA.MP.A4T6.01A	0.66	0.693	0.11	2	1.79	1.86	0.258	0.435	0.0401	0
TCGA.MP.A4T7.01A	0.43	0.55	0.523	4	3.83	3.93	0.108	0.442	0	0
TCGA.MP.A4T8.01A	0.68	0.518	0.121	4	4.03	4.02	0.186	0.332	0	0
TCGA.MP.A4TD.01A	0.19	0.382	0.265	2	2.09	2.02	0.156	0.226	0.0328	0.0041
TCGA.MP.A4TE.01A	0.82	0.503	0.0701	2	1.95	1.96	0.122	0.381	0.0016	0.0016
TCGA.MP.A4TF.01A	0.51	0.431	0.375	4	4.24	4.12	0.257	0.173	0	0
TCGA.MP.A4TH.01A	0.36	0.417	0.294	2	2.11	2.04	0.245	0.172	0.0123	0.00409
TCGA.MP.A4TI.01A	0.14	0.396	0.5	2	1.93	1.99	0.179	0.216	0.0934	0.0659
TCGA.MP.A4TJ.01A	0.16	0.453	0.588	2	1.99	2	0.199	0.254	0.0994	0.102
TCGA.MP.A4TK.01A	0.32	0.367	0.495	2	2.18	2.06	0.218	0.149	0.00544	0.0563
TCGA.MP.A5C7.01A	0.91	0.303	0.27	2	2.01	2.01	0.131	0.172	0.0799	0
TCGA.NJ.A4YF.01A	0.66	0.598	0.394	2	2.61	2.4	0.47	0.127	0	0.0621
TCGA.NJ.A4YG.01A	0.23	0.333	0.313	2	2.11	2.03	0.137	0.196	0.033	0
TCGA.NJ.A4YI.01A	0.7	0.537	0.379	4	3.95	3.96	0.25	0.287	0	0
TCGA.NJ.A4YP.01A	0.25	0.506	0.232	2	2.22	2.05	0.332	0.174	0.032	0
TCGA.NJ.A4YQ.01A	0.21	0.348	0.245	2	1.98	2	0.137	0.211	0.0339	0.00645
TCGA.NJ.A55A.01A	0.11	0.395	0.861	2	2.02	2	0.189	0.206	0.218	0.0511
TCGA.NJ.A55O.01A	0.18	0.189	0.339	2	1.94	1.99	0.0411	0.148	0.0396	0.00913
TCGA.NJ.A55R.01A	0.4	0.484	0.392	4	3.79	3.92	0.081	0.403	0	0.0158
TCGA.NJ.A7XG.01A	0.76	0.313	0.0891	2	2.05	2.04	0.127	0.186	0.00155	0
TCGA.O1.A52J.01A	0.68	0.489	0.531	4	3.7	3.79	0.161	0.328	0	0
