sampleid	purity	PC	PoP	Euploidy	pl.tumor	pl.overall	%amp	%del	%del.loh	%cn.loh
TCGA.3C.AAAU.01A	0.91	0.653	0.468	6	4.99	5.08	0.0841	0.569	0	0
TCGA.3C.AALI.01A	0.74	0.478	0.131	4	3.58	3.69	0.103	0.375	0	0
TCGA.3C.AALJ.01A	0.7	0.584	0.373	4	3.94	3.96	0.246	0.338	0	0
TCGA.3C.AALK.01A	0.6	0.206	0.256	2	2.04	2.03	0.116	0.0898	0.00528	0
TCGA.4H.AAAK.01A	0.63	0.123	0.219	2	1.98	1.99	0.0389	0.0845	0.00338	0
TCGA.5L.AAT0.01A	0.19	0.0622	0.0789	2	1.92	1.98	0.0131	0.0491	0.00164	0
TCGA.5L.AAT1.01A	0.36	0.172	0.326	2	1.96	1.99	0.0559	0.116	0.024	0
TCGA.5T.A9QA.01A	0.93	0.377	0.152	2	1.92	1.92	0.0605	0.316	0.0251	0
TCGA.A1.A0SB.01A	0.63	0.0218	0	2	2	2	0.00272	0.019	0	0
TCGA.A1.A0SD.01A	0.48	0.508	0.196	2	1.85	1.93	0.191	0.316	0.0234	0.0371
TCGA.A1.A0SE.01A	0.5	0.283	0.513	4	3.98	3.99	0.0894	0.194	0	0
TCGA.A1.A0SF.01A	0.19	0.194	0.385	2	2.15	2.03	0.0463	0.148	0.0209	0.0149
TCGA.A1.A0SG.01A	0.62	0.463	0.0213	2	2.05	2.03	0.215	0.248	0.00591	0
TCGA.A1.A0SH.01A	0.4	0.109	0.569	2	2.02	2.01	0.0451	0.0639	0.0282	0.00564
TCGA.A1.A0SI.01A	0.42	0.516	0.124	2	2.17	2.07	0.358	0.158	0	0.0107
TCGA.A1.A0SJ.01A	0.78	0.682	0.311	4	3.5	3.61	0.115	0.567	0	0
TCGA.A1.A0SK.01A	0.97	0.549	0.172	4	3.89	3.89	0.196	0.354	0	0.0154
TCGA.A1.A0SM.01A	0.56	0.439	0.104	2	2.05	2.03	0.249	0.19	0.0277	0.00198
TCGA.A1.A0SN.01A	0.83	0.325	0.561	4	4.33	4.27	0.198	0.127	0	0
TCGA.A1.A0SO.01A	0.92	0.89	0.315	4	3.62	3.65	0.327	0.563	0	0
TCGA.A1.A0SP.01A	0.58	0.507	0.0391	2	1.81	1.89	0.099	0.408	0.00594	0.00594
TCGA.A2.A04N.01A	0.73	0.419	0.0424	2	2.1	2.08	0.254	0.165	0.0071	0
TCGA.A2.A04P.01A	0.73	0.708	0.48	4	3.42	3.58	0.168	0.54	0	0
TCGA.A2.A04Q.01A	0.16	0.348	0.52	2	2.14	2.02	0.135	0.213	0.0423	0.0926
TCGA.A2.A04R.01A	0.88	0.447	0.122	2	1.9	1.91	0.154	0.293	0.0497	0
TCGA.A2.A04T.01A	0.74	0.751	0.497	4	3.7	3.78	0.215	0.536	0	0
TCGA.A2.A04U.01A	0.81	0.74	0.143	2	1.74	1.79	0.217	0.522	0.0772	0.0018
TCGA.A2.A04V.01A	0.88	0.201	0.185	2	1.95	1.96	0.0746	0.127	0.0373	0
TCGA.A2.A04W.01A	0.36	0.373	0.229	2	2.04	2.02	0.141	0.232	0	0.0464
TCGA.A2.A04X.01A	0.54	0.265	0.06	2	1.85	1.92	0.0548	0.21	0.0053	0
TCGA.A2.A04Y.01A	0.57	0.175	0.157	2	2.06	2.04	0.0669	0.108	0	0
TCGA.A2.A0CK.01A	0.68	0.195	0.0303	2	1.97	1.98	0.0807	0.114	0.00591	0
TCGA.A2.A0CL.01A	0.69	0.366	0.0186	2	1.99	1.99	0.0974	0.268	0	0
TCGA.A2.A0CM.01A	0.61	0.797	0.592	6	5.34	5.6	0.256	0.541	0	0
TCGA.A2.A0CO.01A	0.54	0.479	0.0887	2	1.94	1.97	0.189	0.29	0.0347	0
TCGA.A2.A0CP.01A	0.72	0.106	0.304	2	2.03	2.02	0.0523	0.0536	0	0
TCGA.A2.A0CQ.01A	0.74	0.641	0.0341	2	1.98	1.99	0.304	0.337	0.02	0
TCGA.A2.A0CR.01A	0.2	0.122	0.586	2	1.91	1.98	0.0295	0.0926	0.0653	0.00211
TCGA.A2.A0CS.01A	0.66	0.357	0.284	4	3.96	3.97	0.182	0.175	0	0
TCGA.A2.A0CT.01A	0.9	0.865	0.176	4	3.85	3.86	0.335	0.529	0	0
TCGA.A2.A0CU.01A	0.54	0.835	0.463	2	2.54	2.29	0.65	0.185	0	0.0664
TCGA.A2.A0CV.01A	0.78	0.225	0.0622	2	1.97	1.98	0.0527	0.172	0.00323	0.00861
TCGA.A2.A0CW.01A	0.71	0.491	0.397	4	3.94	3.95	0.216	0.275	0	0
TCGA.A2.A0CX.01A	0.59	0.551	0.167	2	2.19	2.11	0.26	0.291	0	0.0352
TCGA.A2.A0D0.01A	0.8	0.739	0.211	4	3.64	3.71	0.18	0.559	0	0
TCGA.A2.A0D1.01A	0.94	0.304	0.348	2	1.89	1.9	0.0561	0.248	0.0653	0.00392
TCGA.A2.A0D2.01A	0.46	0.759	0.382	2	1.47	1.76	0.0947	0.665	0.138	0.123
TCGA.A2.A0D3.01A	0.43	0.169	0.398	2	2.2	2.09	0.106	0.0629	0	0
TCGA.A2.A0D4.01A	0.88	0.566	0.216	4	3.62	3.67	0.101	0.465	0	0
TCGA.A2.A0EM.01A	0.7	0.178	0.0106	2	2.06	2.04	0.112	0.0662	0.00189	0
TCGA.A2.A0EN.01A	0.24	0.476	0.0795	2	2.17	2.04	0.275	0.201	0.012	0.00199
TCGA.A2.A0EO.01A	0.64	0.225	0.85	4	3.87	3.91	0.0525	0.173	0	0
TCGA.A2.A0EQ.01A	0.44	0.589	0.401	4	3.8	3.91	0.168	0.422	0	0
TCGA.A2.A0ER.01A	0.77	0.101	0.102	2	1.97	1.98	0.0342	0.0668	0.00856	0
TCGA.A2.A0ES.01A	0.13	0.492	0.541	2	1.87	1.98	0.174	0.317	0.146	0.0632
TCGA.A2.A0ET.01A	0.92	0.298	0.153	2	1.83	1.85	0.00304	0.295	0.0457	0
TCGA.A2.A0EU.01A	0.85	0.633	0.28	4	3.92	3.94	0.199	0.434	0	0
TCGA.A2.A0EV.01A	0.6	0.692	0.823	4	3.44	3.66	0.0927	0.6	0	0
TCGA.A2.A0EW.01A	0.24	0.366	0.0462	2	2.03	2.01	0.231	0.135	0.0138	0
TCGA.A2.A0EX.01A	0.46	0.237	0.189	2	2.09	2.04	0.122	0.115	0.00777	0
TCGA.A2.A0EY.01A	0.64	0.765	0.549	4	3.54	3.71	0.217	0.548	0	0
TCGA.A2.A0ST.01A	0.13	0.275	0.644	2	1.95	1.99	0.083	0.192	0.0792	0.0679
TCGA.A2.A0SU.01A	0.6	0.193	0.101	2	1.99	1.99	0.0477	0.145	0.00353	0.00177
TCGA.A2.A0SV.01A	0.6	0.692	0.292	2	2.01	2.01	0.285	0.406	0.0208	0.0983
TCGA.A2.A0SW.01A	0.54	0.745	0.251	2	2.06	2.03	0.321	0.424	0.0817	0.0538
TCGA.A2.A0SX.01A	0.53	0.587	0.197	2	1.76	1.87	0.102	0.486	0.0549	0.0386
TCGA.A2.A0SY.01A	0.18	0.0802	0.392	2	1.95	1.99	0.0346	0.0456	0	0
TCGA.A2.A0T0.01A	0.79	0.396	0.0833	2	1.92	1.94	0.122	0.274	0	0.00413
TCGA.A2.A0T1.01A	0.22	0.201	0.365	2	2.22	2.05	0.0909	0.11	0.0227	0.00175
TCGA.A2.A0T2.01A	0.94	0.601	0.292	2	1.59	1.61	0.0473	0.554	0.161	0.00103
TCGA.A2.A0T3.01A	0.74	0.692	0.319	4	4	4	0.249	0.443	0	0
TCGA.A2.A0T4.01A	0.45	0.372	0.189	2	1.82	1.92	0.11	0.262	0.0393	0
TCGA.A2.A0T5.01A	0.78	0.161	0.315	2	2.1	2.08	0.0979	0.063	0	0
TCGA.A2.A0T6.01A	0.53	0.211	0.217	2	1.98	1.99	0.0815	0.129	0.0318	0
TCGA.A2.A0T7.01A	0.65	0.12	0.379	2	2.17	2.11	0.0835	0.0367	0	0
TCGA.A2.A0YC.01A	0.7	0.413	0.0566	2	1.96	1.97	0.119	0.294	0	0.0189
TCGA.A2.A0YD.01A	0.48	0.2	0.43	2	2.09	2.04	0.0768	0.124	0.00375	0.0449
TCGA.A2.A0YE.01A	0.77	0.774	0.404	4	3.51	3.62	0.225	0.549	0	0
TCGA.A2.A0YF.01A	0.8	0.33	0.0175	2	1.93	1.95	0.14	0.19	0.00576	0
TCGA.A2.A0YG.01A	0.69	0.419	0.08	2	2.01	2	0.136	0.284	0.00457	0
TCGA.A2.A0YH.01A	0.47	0.657	0.527	4	4.05	4.02	0.185	0.473	0	0
TCGA.A2.A0YI.01A	0.38	0.278	0.272	2	1.99	2	0.124	0.153	0.00204	0
TCGA.A2.A0YJ.01A	0.72	0.766	0.346	4	4.26	4.19	0.365	0.401	0	0
TCGA.A2.A0YK.01A	0.19	0.292	0.25	2	2.02	2	0.178	0.114	0.0336	0.00438
TCGA.A2.A0YL.01A	0.3	0.294	0.222	2	2.03	2.01	0.205	0.0883	0.0134	0.0134
TCGA.A2.A0YM.01A	0.76	0.692	0.401	4	3.59	3.69	0.148	0.544	0	0
TCGA.A2.A0YT.01A	0.72	0.696	0.496	4	4.45	4.32	0.394	0.302	0	0
TCGA.A2.A1FV.01A	0.82	0.685	0.16	2	2.13	2.11	0.405	0.279	0.0339	0
TCGA.A2.A1FW.01A	0.9	0.472	0.193	2	2.13	2.12	0.208	0.264	0.00163	0.0195
TCGA.A2.A1FX.01A	0.82	0.58	0.0839	2	1.84	1.87	0.135	0.445	0	0.00748
TCGA.A2.A1FZ.01A	0.22	0.111	0.725	2	2.32	2.07	0.0862	0.025	0.00139	0
TCGA.A2.A1G0.01A	0.16	0.493	0.482	2	2.37	2.06	0.241	0.252	0.0845	0.0594
TCGA.A2.A1G1.01A	0.48	0.513	0.181	2	2.15	2.07	0.301	0.212	0	0.0657
TCGA.A2.A1G4.01A	0.76	0.416	0.00803	2	2.05	2.04	0.244	0.172	0.00167	0
TCGA.A2.A1G6.01A	0.11	0.336	0.745	2	1.93	1.99	0.122	0.214	0.154	0.0445
TCGA.A2.A25B.01A	0.63	0.607	0.145	2	2.09	2.06	0.24	0.367	0.00552	0.00276
TCGA.A2.A25C.01A	0.63	0.322	0.156	2	1.83	1.89	0.0726	0.25	0.0503	0
TCGA.A2.A25E.01A	0.69	0.364	0.216	2	1.99	1.99	0.141	0.223	0	0.00387
TCGA.A2.A25F.01A	0.12	0.177	0.802	2	2	2	0.0607	0.117	0.0719	0.0304
TCGA.A2.A3KC.01A	0.49	0.495	0.0747	2	2.06	2.03	0.275	0.22	0.0176	0
TCGA.A2.A3KD.01A	0.51	0.242	0.162	2	2.01	2.01	0.0853	0.156	0.00178	0
TCGA.A2.A3XS.01A	0.69	0.691	0.406	4	3.74	3.82	0.208	0.482	0	0
TCGA.A2.A3XT.01A	0.57	0.641	0.533	4	3.55	3.74	0.157	0.484	0	0
TCGA.A2.A3XU.01A	0.91	0.64	0.135	2	2.1	2.09	0.386	0.254	0.0342	0.00274
TCGA.A2.A3XV.01A	0.63	0.24	0.0321	2	1.95	1.97	0.0693	0.171	0	0
TCGA.A2.A3XW.01A	0.98	0.431	0	2	1.99	1.99	0.155	0.275	0	0
TCGA.A2.A3XZ.01A	0.19	0.341	0.347	2	2.01	2	0.105	0.237	0.0698	0.0091
TCGA.A2.A3Y0.01A	0.56	0.667	0.0576	2	1.77	1.87	0.126	0.541	0.0105	0.014
TCGA.A2.A4RW.01A	0.53	0.426	0.659	4	3.75	3.87	0.101	0.325	0	0
TCGA.A2.A4RX.01A	0.56	0.519	0.564	4	3.45	3.69	0.0971	0.422	0	0
TCGA.A2.A4RY.01A	0.1	0.499	0.815	2	1.97	2	0.276	0.224	0.304	0.0424
TCGA.A2.A4S0.01A	0.66	0.229	0	2	2	2	0.127	0.102	0	0
TCGA.A2.A4S1.01A	0.56	0.527	0.0537	2	1.83	1.91	0.173	0.353	0	0.0141
TCGA.A2.A4S2.01A	0.2	0.659	0.361	2	2.1	2.02	0.176	0.483	0.0867	0.012
TCGA.A2.A4S3.01A	0.52	0.712	0.135	2	1.73	1.86	0.221	0.492	0.0538	0.0297
TCGA.A7.A0CD.01A	0.97	0.418	0.348	4	3.74	3.75	0.0793	0.339	0	0.0198
TCGA.A7.A0CE.01A	0.79	0.699	0.107	2	1.97	1.98	0.37	0.328	0.0134	0.0365
TCGA.A7.A0CG.01A	0.37	0.236	0.361	2	1.99	2	0.0812	0.154	0.0614	0.0158
TCGA.A7.A0CH.01A	0.76	0.217	0.00935	2	2.06	2.05	0.128	0.0891	0	0
TCGA.A7.A0CJ.01A	0.81	0.92	0.393	2	2.88	2.72	0.719	0.201	0	0.199
TCGA.A7.A0D9.01A	0.8	0.25	0.248	2	2.14	2.11	0.13	0.12	0.0504	0
TCGA.A7.A0DA.01A	0.67	0.767	0.387	4	3.2	3.46	0.179	0.588	0	0
TCGA.A7.A0DB.01A	0.48	0.424	0.147	2	2.45	2.22	0.364	0.0603	0	0
TCGA.A7.A0DC.01A	0.97	0.48	0.181	4	4.01	4.01	0.124	0.356	0	0.0174
TCGA.A7.A0DC.01B	0.58	0.397	0.034	2	2.02	2.01	0.202	0.195	0	0
TCGA.A7.A13D.01A	0.85	0.702	0.381	4	3.25	3.36	0.0844	0.618	0	0
TCGA.A7.A13E.01A	0.82	0.678	0.376	4	3.81	3.84	0.219	0.459	0	0
TCGA.A7.A13F.01A	0.8	0.354	0.101	2	1.93	1.94	0.0811	0.273	0.025	0
TCGA.A7.A13G.01A	0.93	0.348	0.0598	2	2.06	2.06	0.168	0.18	0.0189	0
TCGA.A7.A13G.01B	0.2	0.433	0.114	2	1.86	1.97	0.191	0.242	0	0
TCGA.A7.A13H.01A	0.41	0.071	0.395	2	2.06	2.02	0.0393	0.0318	0.00935	0
TCGA.A7.A26E.01A	0.72	0.142	0.038	2	1.91	1.94	0.0126	0.129	0.00539	0
TCGA.A7.A26E.01B	0.18	0.26	0.117	2	2.02	2	0.129	0.131	0.0126	0.00718
TCGA.A7.A26F.01A	0.43	0.377	0.116	2	2.2	2.09	0.277	0.0998	0	0.014
TCGA.A7.A26F.01B	0.18	0.327	0.155	2	1.99	2	0.142	0.186	0.0158	0.0035
TCGA.A7.A26G.01A	0.59	0.272	0.0287	2	2.02	2.01	0.124	0.148	0	0
TCGA.A7.A26H.01A	0.59	0.505	0.15	2	2.1	2.06	0.148	0.357	0	0.0185
TCGA.A7.A26I.01A	0.64	0.683	0.121	2	1.73	1.82	0.152	0.53	0.00717	0.0448
TCGA.A7.A26J.01A	0.65	0.453	0.0882	2	1.94	1.96	0.131	0.321	0	0.00166
TCGA.A7.A26J.01B	0.2	0.359	0.106	2	1.85	1.97	0.133	0.226	0.0216	0.00499
TCGA.A7.A2KD.01A	0.72	0.378	0.167	2	2.02	2.01	0.115	0.263	0.00922	0.00307
TCGA.A7.A3IY.01A	0.1	0.465	0.736	2	1.97	2	0.219	0.246	0.256	0.0316
TCGA.A7.A3IZ.01A	0.91	0.282	0.178	2	1.9	1.91	0.0948	0.188	0.0484	0
TCGA.A7.A3J0.01A	0.36	0.927	0.00591	2	2.02	2.01	0.23	0.697	0	0
TCGA.A7.A3J1.01A	0.47	0.299	0.631	4	3.59	3.81	0.0493	0.25	0	0
TCGA.A7.A3RF.01A	0.96	0.162	0	2	2	2	0.0772	0.0844	0	0
TCGA.A7.A425.01A	0.54	0.415	0.258	2	2.25	2.13	0.243	0.172	0	0
TCGA.A7.A426.01A	0.26	0.0403	0.24	2	1.98	1.99	0.00483	0.0354	0.00966	0
TCGA.A7.A4SA.01A	0.22	0.418	0.269	2	2.33	2.07	0.287	0.131	0.0202	0
TCGA.A7.A4SB.01A	0.82	0.429	0.157	4	3.74	3.78	0.0986	0.33	0	0
TCGA.A7.A4SD.01A	0.55	0.42	0.324	2	2.2	2.11	0.281	0.139	0	0.00143
TCGA.A7.A4SE.01A	0.6	0.482	0.381	2	2.17	2.1	0.222	0.26	0	0.0689
TCGA.A7.A4SF.01A	0.87	0.626	0.329	4	3.4	3.48	0.111	0.515	0	0
TCGA.A7.A56D.01A	0.53	0.545	0.364	4	4.23	4.12	0.329	0.216	0	0
TCGA.A7.A5ZV.01A	0.82	0.801	0.31	2	2.19	2.15	0.342	0.459	0.046	0.0997
TCGA.A7.A5ZW.01A	0.19	0.0746	0.426	2	2.04	2.01	0.027	0.0476	0.00952	0.00476
TCGA.A7.A5ZX.01A	0.08	0.388	0.985	2	2.13	2.01	0.235	0.153	0.253	0.108
TCGA.A7.A6VV.01A	0.62	0.717	0.0795	2	1.77	1.85	0.169	0.547	0	0.0328
TCGA.A7.A6VW.01A	0.73	0.509	0.21	2	1.66	1.75	0.0692	0.44	0.0881	0.00472
TCGA.A7.A6VX.01A	0.79	0.734	0.0828	2	2	2	0.264	0.47	0.0164	0
TCGA.A7.A6VY.01A	0.53	0.61	0.295	2	1.66	1.82	0.144	0.466	0.11	0.0565
TCGA.A8.A06N.01A	0.92	0.697	0.227	4	3.4	3.44	0.115	0.582	0	0
TCGA.A8.A06O.01A	0.73	0.613	0.102	2	1.96	1.97	0.216	0.397	0.0253	0
TCGA.A8.A06P.01A	0.65	0.238	0.0513	2	2.03	2.02	0.102	0.136	0.0122	0
TCGA.A8.A06Q.01A	0.88	0.622	0.292	4	3.39	3.47	0.0869	0.535	0	0
TCGA.A8.A06R.01A	0.75	0.815	0.374	4	4.47	4.35	0.472	0.343	0	0
TCGA.A8.A06T.01A	0.82	0.513	0.22	4	3.39	3.5	0.0862	0.427	0	0
TCGA.A8.A06U.01A	0.82	0.715	0.441	4	3.98	3.98	0.313	0.402	0	0
TCGA.A8.A06X.01A	0.72	0.741	0.545	4	3.37	3.55	0.119	0.622	0	0
TCGA.A8.A06Y.01A	0.92	0.356	0.0941	2	1.89	1.9	0.0847	0.272	0	0
TCGA.A8.A06Z.01A	0.92	0.695	0.444	4	3.12	3.19	0.0688	0.627	0	0
TCGA.A8.A075.01A	0.69	0.567	0.188	2	1.76	1.83	0.0977	0.469	0.0515	0.0195
TCGA.A8.A076.01A	0.75	0.485	0.484	4	4.07	4.05	0.235	0.25	0	0
TCGA.A8.A079.01A	0.78	0.666	0.139	4	3.98	3.98	0.318	0.348	0	0
TCGA.A8.A07B.01A	0.88	0.512	0.197	4	3.9	3.92	0.138	0.374	0	0
TCGA.A8.A07E.01A	0.46	0.308	0.214	2	1.95	1.98	0.13	0.178	0.016	0.008
TCGA.A8.A07F.01A	0.77	0.62	0.566	4	3.45	3.58	0.109	0.51	0	0
TCGA.A8.A07G.01A	0.46	0.426	0.527	4	3.88	3.95	0.166	0.26	0.00189	0
TCGA.A8.A07I.01A	0.69	0.438	0.1	2	1.96	1.97	0.188	0.251	0.0209	0.0167
TCGA.A8.A07J.01A	0.59	0.294	0.205	2	1.95	1.97	0.0988	0.196	0.0565	0
TCGA.A8.A07L.01A	0.85	0.46	0.243	2	1.84	1.86	0.104	0.356	0.0583	0.0268
TCGA.A8.A07O.01A	0.54	0.386	0.327	2	2.06	2.03	0.168	0.218	0.0471	0
TCGA.A8.A07P.01A	0.8	0.368	0.167	2	1.93	1.94	0.13	0.238	0.0289	0.0199
TCGA.A8.A07R.01A	0.83	0.79	0.487	4	3.08	3.24	0.114	0.676	0	0
TCGA.A8.A07U.01A	0.2	0.475	0.372	2	2.18	2.04	0.209	0.266	0.0513	0.0342
TCGA.A8.A07W.01A	0.82	0.483	0.123	2	2	2	0.122	0.361	0.0136	0.0119
TCGA.A8.A07Z.01A	0.88	0.846	0.537	6	4	4.24	0.016	0.83	0	0
TCGA.A8.A081.01A	0.84	0.811	0.325	4	2.82	3.01	0.0453	0.766	0	0
TCGA.A8.A082.01A	0.82	0.329	0.0412	2	1.98	1.98	0.153	0.176	0.0116	0
TCGA.A8.A083.01A	0.76	0.272	0.034	2	2.09	2.07	0.17	0.102	0.00185	0
TCGA.A8.A084.01A	0.93	0.207	0.289	2	2.03	2.03	0.0655	0.142	0.04	0.00364
TCGA.A8.A085.01A	0.86	0.282	0.267	2	1.93	1.94	0.1	0.181	0.0676	0
TCGA.A8.A086.01A	0.73	0.509	0.0685	2	2.24	2.18	0.318	0.191	0.00616	0.00205
TCGA.A8.A08A.01A	0.68	0.196	0.0319	2	2.04	2.03	0.096	0.1	0.00626	0
TCGA.A8.A08B.01A	0.75	0.631	0.0683	2	2	2	0.269	0.363	0.0098	0.00196
TCGA.A8.A08C.01A	0.93	0.549	0.116	2	2.4	2.37	0.453	0.095	0	0
TCGA.A8.A08F.01A	0.67	0.699	0.242	2	2.24	2.16	0.37	0.328	0.0115	0.048
TCGA.A8.A08G.01A	0.84	0.383	0.224	4	3.96	3.97	0.126	0.257	0	0
TCGA.A8.A08H.01A	0.73	0.43	0	2	2	2	0.196	0.234	0	0
TCGA.A8.A08I.01A	0.78	0.695	0.414	4	3.61	3.69	0.143	0.552	0	0
TCGA.A8.A08J.01A	0.67	0.663	0.254	4	4.05	4.03	0.235	0.428	0	0
TCGA.A8.A08L.01A	0.72	0.724	0.221	2	1.77	1.84	0.242	0.482	0.07	0.056
TCGA.A8.A08O.01A	0.75	0.407	0.419	4	3.51	3.64	0.0417	0.366	0	0
TCGA.A8.A08P.01A	0.46	0.692	0.129	2	2.2	2.09	0.31	0.383	0.0081	0.0223
TCGA.A8.A08R.01A	0.58	0.828	0.378	4	3.73	3.84	0.243	0.585	0	0
TCGA.A8.A08S.01A	0.83	0.566	0.057	2	1.96	1.97	0.179	0.387	0.0179	0.00358
TCGA.A8.A08T.01A	0.85	0.268	0.268	2	2.13	2.11	0.142	0.126	0.00449	0.0195
TCGA.A8.A08X.01A	0.39	0.636	0.593	4	4.18	4.07	0.265	0.372	0	0
TCGA.A8.A08Z.01A	0.6	0.234	0.157	2	2.01	2.01	0.101	0.133	0.0135	0.0135
TCGA.A8.A090.01A	0.72	0.315	0.151	2	1.8	1.85	0.0527	0.262	0.0457	0
TCGA.A8.A091.01A	0.86	0.642	0.168	4	3.65	3.7	0.0685	0.573	0	0
TCGA.A8.A092.01A	0.8	0.841	0.364	4	3.58	3.66	0.196	0.645	0	0
TCGA.A8.A093.01A	0.9	0.613	0.0997	4	3.49	3.54	0.0591	0.554	0	0
TCGA.A8.A094.01A	0.56	0.598	0.684	4	3.48	3.71	0.14	0.457	0	0
TCGA.A8.A095.01A	0.66	0.279	0.0733	2	2.13	2.08	0.179	0.101	0.00186	0
TCGA.A8.A096.01A	0.62	0.205	0.0256	2	1.97	1.98	0.0438	0.161	0.0035	0
TCGA.A8.A097.01A	0.67	0.453	0.304	4	3.8	3.87	0.127	0.326	0	0
TCGA.A8.A099.01A	0.85	0.284	0.168	2	1.91	1.93	0.0705	0.213	0.00762	0
TCGA.A8.A09A.01A	0.51	0.566	0.544	4	3.55	3.77	0.118	0.448	0	0
TCGA.A8.A09B.01A	0.76	0.323	0.196	4	3.93	3.95	0.0949	0.228	0	0
TCGA.A8.A09C.01A	0.86	0.727	0.274	4	3.61	3.66	0.147	0.58	0	0
TCGA.A8.A09D.01A	0.54	0.309	0.172	2	2.06	2.03	0.102	0.207	0.0165	0
TCGA.A8.A09E.01A	0.9	0.72	0.332	4	3.17	3.25	0.049	0.671	0	0
TCGA.A8.A09G.01A	0.57	0.464	0.172	2	1.85	1.91	0.166	0.299	0.0675	0
TCGA.A8.A09I.01A	0.75	0.492	0.321	4	3.83	3.87	0.144	0.348	0	0
TCGA.A8.A09K.01A	0.76	0.642	0.317	4	3.81	3.86	0.225	0.417	0	0
TCGA.A8.A09M.01A	0.77	0.6	0.226	4	3.82	3.86	0.187	0.412	0	0
TCGA.A8.A09N.01A	0.81	0.44	0.0603	2	1.69	1.75	0.0531	0.387	0.0209	0
TCGA.A8.A09Q.01A	0.71	0.53	0.0759	2	1.95	1.96	0.152	0.378	0.00874	0.00524
TCGA.A8.A09R.01A	0.63	0.637	0.482	4	3.95	3.97	0.177	0.46	0	0
TCGA.A8.A09T.01A	0.74	0.433	0.116	4	3.81	3.86	0.0926	0.34	0	0
TCGA.A8.A09V.01A	0.86	0.285	0.216	4	4.07	4.06	0.126	0.158	0	0
TCGA.A8.A09W.01A	0.72	0.447	0.134	2	1.98	1.99	0.157	0.29	0.0206	0.0243
TCGA.A8.A09X.01A	0.42	0.529	0.706	4	3.8	3.91	0.154	0.376	0	0
TCGA.A8.A09Z.01A	0.86	0.258	0.171	2	1.97	1.97	0.106	0.152	0.044	0
TCGA.A8.A0A1.01A	0.7	0.143	0.135	2	1.96	1.97	0.0386	0.104	0	0.00594
TCGA.A8.A0A2.01A	0.83	0.296	0.0698	2	1.94	1.95	0.0808	0.215	0.012	0
TCGA.A8.A0A4.01A	0.58	0.388	0.161	2	1.83	1.9	0.127	0.261	0.0162	0.0182
TCGA.A8.A0A6.01A	0.45	0.353	0.314	2	1.97	1.99	0.0687	0.284	0.0668	0
TCGA.A8.A0A7.01A	0.18	0.257	0.333	2	2.06	2.01	0.0624	0.195	0.039	0.0117
TCGA.A8.A0A9.01A	0.89	0.573	0.305	4	4.16	4.14	0.289	0.284	0	0
TCGA.A8.A0AB.01A	0.9	0.211	0.325	2	1.99	1.99	0.0614	0.149	0.0351	0
TCGA.A8.A0AD.01A	0.74	0.336	0.143	2	1.86	1.9	0.115	0.222	0.0481	0
TCGA.AC.A23C.01A	0.54	0.122	0.377	2	2.12	2.07	0.0548	0.0671	0.00177	0
TCGA.AC.A23G.01A	0.14	0.41	0.69	2	2.18	2.03	0.111	0.299	0.131	0.0672
TCGA.AC.A2B8.01A	0.66	0.219	0.289	2	2.05	2.03	0.0798	0.139	0	0.0228
TCGA.AC.A2BK.01A	0.87	0.795	0.323	4	3.93	3.94	0.346	0.449	0	0
TCGA.AC.A2BM.01A	0.73	0.513	0.426	4	3.57	3.69	0.155	0.358	0	0
TCGA.AC.A2FB.01A	0.92	0.0294	0.214	2	2	2	0.0157	0.0136	0	0.0063
TCGA.AC.A2FE.01A	0.33	0.248	0.476	2	2.08	2.03	0.17	0.0782	0.0361	0
TCGA.AC.A2FF.01A	0.45	0.125	0	2	2	2	0.0422	0.083	0	0
TCGA.AC.A2FG.01A	0.26	0.142	0.321	2	2.08	2.02	0.0644	0.078	0.00339	0
TCGA.AC.A2FK.01A	0.69	0.496	0	2	2	2	0.211	0.285	0	0
TCGA.AC.A2FM.01A	0.86	0.524	0.175	4	3.8	3.83	0.158	0.366	0	0
TCGA.AC.A2FO.01A	0.33	0.0746	0.154	2	2.03	2.01	0.0287	0.0459	0	0
TCGA.AC.A2QH.01A	0.92	0.602	0.329	4	3.85	3.86	0.173	0.429	0	0.0036
TCGA.AC.A2QH.01B	0.23	0.488	0.247	2	1.56	1.9	0.151	0.337	0.0523	0
TCGA.AC.A2QI.01A	0.28	0.0613	0.743	2	2.19	2.05	0.0508	0.0105	0	0
TCGA.AC.A2QJ.01A	0.7	0.2	0.194	2	2.09	2.06	0.115	0.0855	0.00806	0
TCGA.AC.A3BB.01A	0.26	0.0712	0.0769	2	2.07	2.02	0.0529	0.0182	0.00365	0.00182
TCGA.AC.A3EH.01A	0.84	0.491	0.242	4	3.89	3.91	0.151	0.34	0	0
TCGA.AC.A3HN.01A	0.24	0.299	0.144	2	1.9	1.98	0.0622	0.237	0.0163	0
TCGA.AC.A3OD.01A	0.24	0.122	0.521	2	2.17	2.04	0.0655	0.0569	0.0138	0
TCGA.AC.A3OD.01B	0.18	0.478	0.217	2	2.15	2.03	0.269	0.209	0.0379	0
TCGA.AC.A3QP.01A	0.23	0.18	0.293	2	2.09	2.02	0.129	0.0509	0.00909	0
TCGA.AC.A3QQ.01A	0.74	0.186	0.245	2	2.03	2.02	0.0695	0.117	0.0203	0
TCGA.AC.A3TM.01A	0.48	0.162	0.253	2	2.03	2.01	0.0702	0.0916	0	0
TCGA.AC.A3TN.01A	0.81	0.0891	0.08	2	1.99	1.99	0.0428	0.0463	0.00535	0
TCGA.AC.A3W5.01A	0.62	0.489	0.315	4	3.66	3.79	0.11	0.379	0	0
TCGA.AC.A3W6.01A	0.99	0.164	0.228	4	4	4	0.0872	0.077	0	0
TCGA.AC.A3W7.01A	0.57	0.227	0.0579	2	1.87	1.93	0.0487	0.178	0.00375	0
TCGA.AC.A3YI.01A	0.11	0.221	0.887	2	2.06	2.01	0.0909	0.13	0.118	0.0339
TCGA.AC.A3YJ.01A	0.8	0.503	0.0038	2	2.06	2.05	0.266	0.237	0	0
TCGA.AC.A4ZE.01A	0.91	0.188	0.241	2	1.92	1.92	0.0523	0.136	0.0453	0
TCGA.AC.A5EH.01A	0.6	0.476	0.615	4	3.67	3.8	0.151	0.324	0	0
TCGA.AC.A5EI.01A	0.47	0.611	0.499	2	2.42	2.2	0.398	0.212	0	0.237
TCGA.AC.A5XS.01A	0.23	0.361	0.194	2	2.12	2.03	0.224	0.137	0.012	0
TCGA.AC.A5XU.01A	0.77	0.662	0.205	4	3.83	3.87	0.277	0.385	0	0
TCGA.AC.A62V.01A	0.8	0.853	0.364	4	3.14	3.31	0.0974	0.756	0	0
TCGA.AC.A62X.01A	0.85	0.774	0.358	4	4.41	4.35	0.33	0.444	0	0
TCGA.AC.A62Y.01A	0.55	0.549	0.162	4	4.19	4.1	0.245	0.305	0	0
TCGA.AC.A6IV.01A	0.2	0.166	0.265	2	1.95	1.99	0.039	0.127	0.0272	0.0034
TCGA.AC.A6IW.01A	0.37	0.288	0.519	2	2.33	2.12	0.234	0.0541	0	0.0175
TCGA.AC.A6IX.01A	0.46	0.316	0.228	2	1.88	1.94	0.082	0.234	0.0508	0
TCGA.AC.A6IX.06A	0.27	0.125	0.75	2	1.97	1.99	0.0274	0.0978	0.0646	0.0117
TCGA.AC.A6NO.01A	0.7	0.51	0.107	2	2.13	2.09	0.195	0.315	0	0
TCGA.AC.A7VB.01A	0.88	0.301	0.164	2	1.91	1.92	0.0927	0.209	0.0402	0
TCGA.AC.A7VC.01A	0.8	0.415	0.0558	2	2.01	2.01	0.153	0.262	0	0.00891
TCGA.AC.A8OP.01A	0.58	0.626	0.596	4	3.91	3.95	0.256	0.37	0	0
TCGA.AC.A8OQ.01A	0.28	0.232	0.541	2	2.3	2.08	0.171	0.0611	0.00627	0.0157
TCGA.AC.A8OR.01A	0.87	0.0462	0.4	2	1.96	1.97	0.0037	0.0425	0.0185	0
TCGA.AC.A8OS.01A	0.27	0.105	0.0161	2	1.88	1.97	0.0153	0.0901	0	0
TCGA.AN.A03X.01A	0.48	0.505	0.304	2	1.99	1.99	0.228	0.277	0.0727	0
TCGA.AN.A03Y.01A	0.83	0.383	0.451	4	3.98	3.98	0.0935	0.29	0	0
TCGA.AN.A041.01A	0.71	0.585	0.0629	2	2.08	2.06	0.337	0.248	0.00194	0.00194
TCGA.AN.A046.01A	0.55	0.199	0.137	2	1.96	1.98	0.0723	0.127	0.0215	0
TCGA.AN.A049.01A	0.68	0.399	0.176	2	1.96	1.97	0.142	0.257	0.0205	0.00171
TCGA.AN.A04A.01A	0.68	0.516	0.0831	2	1.92	1.94	0.132	0.384	0.00172	0.012
TCGA.AN.A04C.01A	0.77	0.444	0.245	4	3.9	3.92	0.121	0.322	0	0
TCGA.AN.A04D.01A	0.88	0.615	0.0533	2	2.07	2.06	0.355	0.26	0.0225	0
TCGA.AN.A0AJ.01A	0.74	0.661	0.356	4	3.95	3.97	0.204	0.457	0	0
TCGA.AN.A0AK.01A	0.81	0.364	0.278	4	4.07	4.06	0.248	0.116	0	0
TCGA.AN.A0AL.01A	0.71	0.682	0.0615	2	1.75	1.83	0.135	0.547	0.0152	0.00762
TCGA.AN.A0AM.01A	0.48	0.55	0.303	4	4.15	4.07	0.195	0.355	0	0
TCGA.AN.A0AR.01A	0.87	0.65	0.258	2	1.67	1.72	0.122	0.528	0.147	0
TCGA.AN.A0AS.01A	0.64	0.545	0.268	4	4.18	4.12	0.232	0.313	0.00366	0
TCGA.AN.A0AT.01A	0.64	0.627	0.211	2	1.69	1.8	0.136	0.491	0.0724	0.0477
TCGA.AN.A0FD.01A	0.78	0.222	0.279	2	1.86	1.89	0.0228	0.199	0.0424	0.0163
TCGA.AN.A0FE.01A	0.38	0.473	0.416	4	4.36	4.14	0.172	0.301	0	0
TCGA.AN.A0FF.01A	0.66	0.303	0.0705	2	2.04	2.03	0.153	0.15	0	0
TCGA.AN.A0FG.01A	0.45	0.461	0.194	2	2.22	2.1	0.171	0.29	0.00952	0
TCGA.AN.A0FJ.01A	0.8	0.469	0.185	2	1.72	1.77	0.0743	0.395	0.0832	0
TCGA.AN.A0FK.01A	0.65	0.528	0.218	4	3.82	3.88	0.205	0.324	0	0
TCGA.AN.A0FL.01A	0.94	0.565	0.299	2	1.95	1.95	0.266	0.3	0.15	0
TCGA.AN.A0FN.01A	0.19	0.13	0.317	2	1.96	1.99	0.0205	0.109	0.0269	0.00316
TCGA.AN.A0FS.01A	0.62	0.154	0.299	2	2	2	0.05	0.104	0.018	0
TCGA.AN.A0FT.01A	0.9	0.717	0.335	6	5.45	5.51	0.157	0.56	0	0
TCGA.AN.A0FV.01A	0.65	0.667	0.395	6	5.59	5.73	0.269	0.398	0	0
TCGA.AN.A0FW.01A	0.75	0.621	0.329	4	3.96	3.97	0.228	0.393	0	0
TCGA.AN.A0FX.01A	0.65	0.859	0.514	4	3.47	3.65	0.183	0.676	0	0
TCGA.AN.A0FY.01A	0.82	0.571	0.275	4	4.04	4.03	0.249	0.322	0	0
TCGA.AN.A0FZ.01A	0.87	0.626	0.236	4	4.05	4.04	0.257	0.369	0	0
TCGA.AN.A0G0.01A	0.72	0.777	0.305	4	4.45	4.32	0.429	0.348	0	0
TCGA.AN.A0XL.01A	0.5	0.394	0.293	2	2.02	2.01	0.152	0.242	0.0568	0.0293
TCGA.AN.A0XN.01A	0.55	0.582	0.5	4	4.33	4.18	0.298	0.283	0	0
TCGA.AN.A0XO.01A	0.67	0.259	0.207	2	1.96	1.98	0.0778	0.181	0.0148	0.00741
TCGA.AN.A0XP.01A	0.68	0.6	0.0296	2	1.96	1.97	0.274	0.325	0.00789	0
TCGA.AN.A0XR.01A	0.93	0.169	0.609	4	4.05	4.05	0.0874	0.0813	0	0
TCGA.AN.A0XS.01A	0.75	0.315	0.155	2	2	2	0.0637	0.252	0	0
TCGA.AN.A0XT.01A	0.9	0.349	0.468	4	3.64	3.68	0.0768	0.272	0	0.00118
TCGA.AN.A0XU.01A	0.75	0.728	0.524	4	3.67	3.75	0.218	0.51	0	0
TCGA.AN.A0XV.01A	0.54	0.23	0.185	2	1.95	1.97	0.0774	0.153	0.0174	0.0213
TCGA.AO.A03L.01A	0.62	0.616	0.258	4	3.25	3.54	0.0736	0.543	0	0
TCGA.AO.A03M.01B	0.46	0.499	0.616	4	3.85	3.93	0.132	0.367	0	0
TCGA.AO.A03N.01B	0.76	0.398	0.203	4	3.76	3.82	0.0789	0.319	0	0
TCGA.AO.A03O.01A	0.8	0.868	0.285	4	3.57	3.65	0.215	0.653	0	0
TCGA.AO.A03P.01A	0.88	0.608	0.224	4	4.33	4.29	0.351	0.258	0	0
TCGA.AO.A03R.01A	0.59	0.311	0.0775	2	1.99	1.99	0.121	0.191	0.0197	0
TCGA.AO.A03T.01A	0.49	0.384	0.129	2	1.9	1.95	0.118	0.266	0.00412	0.0186
TCGA.AO.A03U.01B	0.79	0.213	0	2	2	2	0.0891	0.124	0	0
TCGA.AO.A03V.01A	0.72	0.472	0.127	2	2.01	2.01	0.197	0.275	0.029	0.00193
TCGA.AO.A0J2.01A	0.81	0.728	0.39	4	3.37	3.49	0.158	0.57	0	0
TCGA.AO.A0J3.01A	0.93	0.561	0.311	4	3.57	3.6	0.0917	0.469	0	0.0018
TCGA.AO.A0J4.01A	0.57	0.621	0.0557	2	1.86	1.92	0.17	0.451	0.00494	0.00824
TCGA.AO.A0J5.01A	0.63	0.203	0.261	2	1.92	1.95	0.0385	0.165	0.0311	0
TCGA.AO.A0J6.01A	0.62	0.612	0.261	2	1.81	1.88	0.152	0.461	0.0303	0.109
TCGA.AO.A0J7.01A	0.86	0.496	0.662	4	3.26	3.36	0.0146	0.482	0	0
TCGA.AO.A0J8.01A	0.75	0.167	0.237	2	1.97	1.98	0.0628	0.104	0.0287	0
TCGA.AO.A0J9.01A	0.43	0.633	0.681	4	4.28	4.12	0.293	0.34	0	0
TCGA.AO.A0JA.01A	0.62	0.49	0.216	2	1.76	1.85	0.146	0.344	0.102	0
TCGA.AO.A0JB.01A	0.86	0.465	0.134	2	1.79	1.82	0.0902	0.375	0.0546	0.00223
TCGA.AO.A0JC.01A	0.88	0.011	0	2	2	2	0.00368	0.00737	0	0
TCGA.AO.A0JD.01A	0.61	0.46	0.624	4	3.58	3.75	0.0957	0.364	0	0
TCGA.AO.A0JE.01A	0.43	0.44	0.139	2	1.99	2	0.162	0.277	0.00698	0.0157
TCGA.AO.A0JF.01A	0.39	0.102	0.38	2	2.02	2.01	0.0533	0.0492	0.00205	0
TCGA.AO.A0JG.01A	0.22	0.19	0.032	2	1.64	1.92	0.0121	0.178	0	0
TCGA.AO.A0JI.01A	0.79	0.304	0.268	2	1.88	1.9	0.0878	0.216	0.0776	0
TCGA.AO.A0JJ.01A	0.49	0.106	0.754	4	3.8	3.9	0.00175	0.105	0	0
TCGA.AO.A0JL.01A	0.79	0.864	0.311	4	4.99	4.78	0.581	0.283	0	0
TCGA.AO.A0JM.01A	0.72	0.726	0.505	4	3.41	3.58	0.111	0.615	0	0
TCGA.AO.A124.01A	0.87	0.838	0.476	4	3.14	3.25	0.145	0.694	0	0
TCGA.AO.A125.01A	0.5	0.305	0.28	2	2.27	2.14	0.215	0.0905	0	0
TCGA.AO.A126.01A	0.7	0.476	0.0336	2	1.85	1.9	0.058	0.418	0.012	0.004
TCGA.AO.A128.01A	0.29	0.446	0.0924	2	2.12	2.03	0.227	0.219	0.00562	0.00375
TCGA.AO.A129.01A	0.51	0.376	0.61	4	4.22	4.11	0.156	0.22	0	0
TCGA.AO.A12A.01A	0.43	0.397	0.327	4	4.03	4.01	0.13	0.267	0	0
TCGA.AO.A12B.01A	0.91	0.565	0.0977	4	3.51	3.55	0.0467	0.518	0	0
TCGA.AO.A12D.01A	0.99	0.174	0.355	4	4.11	4.11	0.0864	0.0877	0	0
TCGA.AO.A12F.01A	0.93	0.82	0.374	4	4.38	4.35	0.473	0.347	0	0.0119
TCGA.AO.A12G.01A	0.69	0.248	0.292	2	1.94	1.96	0.0677	0.181	0.0177	0
TCGA.AO.A12H.01A	0.06	0.484	0.998	2	2.02	2	0.224	0.26	0.297	0.256
TCGA.AO.A1KO.01A	0.68	0.504	0	2	1.98	1.98	0.179	0.325	0	0
TCGA.AO.A1KP.01A	0.94	0.219	0.273	2	2.01	2.01	0.104	0.114	0.0365	0
TCGA.AO.A1KR.01A	0.59	0.166	0.876	2	2.29	2.17	0.153	0.0127	0	0
TCGA.AO.A1KS.01A	0.92	0.411	0.0701	2	1.89	1.89	0.0972	0.314	0.00214	0
TCGA.AO.A1KT.01A	0.73	0.549	0.0954	2	1.9	1.93	0.188	0.361	0.0144	0.0199
TCGA.AQ.A04H.01B	0.82	0.445	0.0577	2	1.9	1.92	0.0668	0.378	0.00342	0.00342
TCGA.AQ.A04J.01A	0.41	0.446	0.368	2	1.86	1.94	0.147	0.299	0.0734	0.0541
TCGA.AQ.A0Y5.01A	0.59	0.359	0.0337	2	1.89	1.93	0.0569	0.302	0	0.00172
TCGA.AQ.A1H2.01A	0.92	0.424	0.508	4	3.71	3.73	0.148	0.276	0	0
TCGA.AQ.A1H3.01A	0.26	0.116	0.382	2	2.13	2.03	0.0579	0.0579	0.0017	0
TCGA.AQ.A54N.01A	0.92	0.923	0.259	2	2.31	2.28	0.52	0.403	0	0.0899
TCGA.AQ.A54O.01A	0.79	0.47	0.19	2	2	2	0.193	0.278	0.00303	0.0395
TCGA.AQ.A7U7.01A	0.23	0.0915	0.158	2	1.94	1.99	0.00482	0.0867	0.00963	0
TCGA.AR.A0TP.01A	0.95	0.575	0.13	2	1.91	1.92	0.231	0.344	0.0506	0.0081
TCGA.AR.A0TQ.01A	0.88	0.209	0.0473	2	2.03	2.03	0.0581	0.151	0	0
TCGA.AR.A0TR.01A	0.93	0.388	0.0663	4	3.8	3.82	0.115	0.273	0	0.00198
TCGA.AR.A0TS.01A	0.2	0.342	0.448	2	2.11	2.02	0.144	0.198	0.0454	0.0302
TCGA.AR.A0TT.01A	0.43	0.375	0.182	2	2.28	2.12	0.22	0.154	0	0.0152
TCGA.AR.A0TV.01A	0.79	0.47	0.105	2	1.83	1.87	0.103	0.367	0.0231	0.00462
TCGA.AR.A0TW.01A	0.6	0.66	0.506	4	3.63	3.78	0.169	0.491	0	0
TCGA.AR.A0TX.01A	0.24	0.189	0.205	2	2.18	2.04	0.117	0.0726	0.0169	0
TCGA.AR.A0TY.01A	0.71	0.452	0.08	2	1.74	1.82	0.114	0.337	0.0201	0
TCGA.AR.A0TZ.01A	0.88	0.365	0.433	2	1.72	1.75	0.0625	0.303	0.158	0
TCGA.AR.A0U0.01A	0.47	0.45	0.378	2	2.12	2.05	0.236	0.214	0.00183	0.119
TCGA.AR.A0U1.01A	0.27	0.286	0.519	2	2.35	2.1	0.192	0.0934	0.0201	0.00366
TCGA.AR.A0U2.01A	0.7	0.686	0.0569	2	1.87	1.91	0.21	0.476	0.00163	0.0195
TCGA.AR.A0U3.01A	0.82	0.412	0.181	2	1.72	1.77	0.0588	0.353	0.0668	0
TCGA.AR.A0U4.01A	0.3	0.651	0.365	2	2.57	2.17	0.431	0.22	0.012	0.0878
TCGA.AR.A1AH.01A	0.86	0.533	0.408	2	1.64	1.69	0.0564	0.477	0.198	0
TCGA.AR.A1AI.01A	0.36	0.218	0.265	2	2.11	2.04	0.126	0.092	0	0
TCGA.AR.A1AJ.01A	0.19	0.145	0.313	2	1.96	1.99	0.0279	0.117	0.0157	0.0139
TCGA.AR.A1AK.01A	0.22	0.513	0.405	2	2.47	2.1	0.305	0.208	0.0416	0
TCGA.AR.A1AL.01A	0.19	0.19	0.442	2	2.16	2.03	0.115	0.0751	0.0165	0.00733
TCGA.AR.A1AM.01A	0.26	0.0482	0.5	2	2.02	2.01	0.0145	0.0338	0.00965	0
TCGA.AR.A1AN.01A	0.46	0.502	0.108	2	1.96	1.98	0.23	0.272	0.0251	0.00193
TCGA.AR.A1AO.01A	0.9	0.048	0	2	2	2	0.0207	0.0273	0	0
TCGA.AR.A1AP.01A	0.61	0.517	0.158	2	1.84	1.91	0.174	0.343	0.0315	0.0426
TCGA.AR.A1AQ.01A	0.26	0.225	0.309	2	2.06	2.02	0.0592	0.166	0.0503	0
TCGA.AR.A1AR.01A	0.43	0.0951	0.581	2	2.17	2.08	0.0798	0.0153	0	0
TCGA.AR.A1AS.01A	0.82	0.254	0.294	2	2.11	2.09	0.121	0.133	0	0.027
TCGA.AR.A1AU.01A	0.44	0.336	0.5	2	1.96	1.98	0.0925	0.243	0.0509	0.0811
TCGA.AR.A1AV.01A	0.71	0.508	0.0741	2	2.1	2.07	0.256	0.252	0	0
TCGA.AR.A1AW.01A	0.18	0.573	0.432	2	2.23	2.04	0.257	0.316	0.0799	0.0409
TCGA.AR.A1AX.01A	0.17	0.193	0.573	2	2.09	2.02	0.0793	0.114	0.0496	0.0149
TCGA.AR.A1AY.01A	0.72	0.607	0.35	2	1.68	1.77	0.125	0.482	0.194	0
TCGA.AR.A24H.01A	0.87	0.459	0.314	4	3.74	3.77	0.117	0.342	0	0
TCGA.AR.A24K.01A	0.86	0.553	0.409	4	3.88	3.9	0.161	0.393	0	0
TCGA.AR.A24M.01A	0.24	0.28	0.39	2	2.23	2.05	0.12	0.16	0.021	0
TCGA.AR.A24N.01A	0.76	0.32	0.219	2	2.1	2.08	0.167	0.154	0.0114	0
TCGA.AR.A24O.01A	0.16	0.297	0.456	2	1.91	1.99	0.135	0.161	0.0725	0.0233
TCGA.AR.A24P.01A	0.62	0.381	0.0946	2	1.94	1.96	0.0962	0.285	0.00172	0
TCGA.AR.A24Q.01A	0.69	0.602	0.563	4	3.59	3.71	0.151	0.451	0	0
TCGA.AR.A24R.01A	0.74	0.34	0.0748	2	2.01	2.01	0.124	0.216	0.00317	0.0111
TCGA.AR.A24S.01A	0.71	0.311	0.147	2	1.91	1.94	0.0589	0.252	0	0
TCGA.AR.A24V.01A	0.56	0.645	0.0807	2	2.09	2.05	0.289	0.356	0	0
TCGA.AR.A24W.01A	0.2	0.369	0.252	2	1.84	1.97	0.0721	0.296	0.0625	0.00801
TCGA.AR.A24X.01A	0.98	0.203	0.183	4	4.08	4.08	0.121	0.0818	0	0
TCGA.AR.A24Z.01A	0.88	0.548	0.0643	2	1.85	1.86	0.103	0.446	0.0208	0
TCGA.AR.A250.01A	0.69	0.557	0.247	4	3.77	3.84	0.143	0.413	0	0
TCGA.AR.A251.01A	0.82	0.628	0.106	2	1.59	1.66	0.0629	0.565	0.055	0.00262
TCGA.AR.A252.01A	0.12	0.499	0.653	2	2.07	2.01	0.263	0.236	0.243	0.0333
TCGA.AR.A254.01A	0.54	0.462	0.155	2	2.28	2.15	0.364	0.0981	0	0
TCGA.AR.A255.01A	0.89	0.24	0.485	4	4.24	4.21	0.171	0.069	0	0
TCGA.AR.A256.01A	0.83	0.648	0.154	2	1.72	1.77	0.118	0.53	0.0598	0.0216
TCGA.AR.A2LE.01A	0.71	0.456	0.0119	2	1.99	1.99	0.211	0.245	0.0018	0
TCGA.AR.A2LH.01A	0.74	0.486	0	2	2.01	2	0.251	0.235	0	0
TCGA.AR.A2LJ.01A	0.99	0.0217	0	2	2.01	2.01	0.00903	0.0126	0	0
TCGA.AR.A2LK.01A	0.73	0.718	0.0942	2	2.13	2.09	0.346	0.372	0.00188	0.0338
TCGA.AR.A2LL.01A	0.78	0.313	0.254	2	2.01	2.01	0.101	0.212	0.0248	0
TCGA.AR.A2LM.01A	0.53	0.465	0.0342	2	2.07	2.04	0.211	0.254	0.00994	0
TCGA.AR.A2LN.01A	0.24	0.201	0.11	2	2.1	2.02	0.116	0.085	0.00739	0
TCGA.AR.A2LO.01A	0.21	0.2	0.227	2	1.98	2	0.0875	0.113	0.0152	0.00168
TCGA.AR.A2LQ.01A	0.96	0.124	0	2	2	2	0.061	0.0628	0	0
TCGA.AR.A2LR.01A	0.78	0.621	0.11	2	1.75	1.81	0.122	0.498	0.0402	0
TCGA.AR.A5QM.01A	0.19	0.294	0.5	2	2.58	2.11	0.224	0.0702	0.0167	0.0201
TCGA.AR.A5QN.01A	0.53	0.493	0.121	2	2.12	2.06	0.405	0.0886	0	0
TCGA.AR.A5QP.01A	0.16	0.403	0.518	2	2.19	2.03	0.14	0.263	0.0881	0.0324
TCGA.AR.A5QQ.01A	0.14	0.542	0.527	2	2.05	2.01	0.338	0.204	0.182	0.0181
TCGA.B6.A0I1.01A	0.77	0.64	0.152	2	1.94	1.95	0.163	0.477	0.0622	0.0202
TCGA.B6.A0I2.01A	0.48	0.638	0.609	2	2.76	2.37	0.393	0.244	0	0.0503
TCGA.B6.A0I5.01A	0.65	0.31	0.215	2	2.13	2.09	0.13	0.18	0	0
TCGA.B6.A0I6.01A	0.69	0.717	0.0818	2	1.68	1.78	0.191	0.526	0.00335	0.0536
TCGA.B6.A0I8.01A	0.75	0.558	0.348	4	3.94	3.95	0.196	0.362	0	0
TCGA.B6.A0I9.01A	0.68	0.859	0.688	4	3.8	3.86	0.184	0.675	0.00196	0
TCGA.B6.A0IA.01A	0.94	0.268	0.355	2	2.12	2.11	0.168	0.1	0.00806	0
TCGA.B6.A0IB.01A	0.75	0.752	0.257	4	3.59	3.69	0.181	0.571	0	0
TCGA.B6.A0IC.01A	0.96	0.0705	0	2	2	2	0.0393	0.0311	0	0
TCGA.B6.A0IE.01A	0.54	0.469	0.207	2	2.13	2.07	0.237	0.232	0.0503	0.0269
TCGA.B6.A0IG.01A	0.7	0.365	0.113	2	1.72	1.81	0.0543	0.311	0.0318	0.00562
TCGA.B6.A0IH.01A	0.76	0.311	0.0866	2	2	2	0.093	0.217	0	0
TCGA.B6.A0IJ.01A	0.51	0.76	0.416	4	3.67	3.83	0.215	0.545	0	0
TCGA.B6.A0IK.01A	0.53	0.46	0.684	4	3.43	3.7	0.0345	0.425	0	0
TCGA.B6.A0IM.01A	0.85	0.473	0.273	4	4.11	4.09	0.262	0.211	0	0
TCGA.B6.A0IN.01A	0.66	0.262	0.0839	2	2.01	2	0.0728	0.19	0	0.00508
TCGA.B6.A0IO.01A	0.81	0.602	0.372	4	3.33	3.46	0.026	0.576	0	0
TCGA.B6.A0IP.01A	0.58	0.122	0.468	2	2.01	2	0.0629	0.0589	0.0157	0
TCGA.B6.A0IQ.01A	0.66	0.606	0.313	4	3.74	3.83	0.133	0.473	0	0
TCGA.B6.A0RE.01A	0.76	0.607	0.382	4	3.72	3.79	0.155	0.452	0	0
TCGA.B6.A0RG.01A	0.94	0.38	0.256	4	4.03	4.03	0.199	0.181	0	0.0039
TCGA.B6.A0RH.01A	0.61	0.557	0.0613	2	1.95	1.97	0.195	0.362	0.00342	0
TCGA.B6.A0RI.01A	0.76	0.257	0.0284	2	2.01	2.01	0.108	0.15	0	0
TCGA.B6.A0RL.01A	0.82	0.602	0.0612	2	1.87	1.89	0.252	0.35	0.0331	0
TCGA.B6.A0RM.01A	0.91	0.111	0.159	2	2.11	2.1	0.0629	0.0484	0.0161	0
TCGA.B6.A0RN.01A	0.83	0.2	0.0693	2	2.04	2.03	0.101	0.0988	0.00791	0
TCGA.B6.A0RO.01A	0.64	0.417	0.419	4	3.6	3.74	0.0514	0.365	0	0
TCGA.B6.A0RP.01A	0.74	0.193	0.402	4	4.1	4.07	0.0995	0.094	0	0
TCGA.B6.A0RQ.01A	0.63	0.231	0.00526	2	1.99	1.99	0.0522	0.179	0	0.00122
TCGA.B6.A0RS.01A	0.68	0.593	0.489	4	3.7	3.8	0.198	0.395	0	0
TCGA.B6.A0RT.01A	0.12	0.255	0.712	2	2	2	0.0835	0.171	0.0672	0.0754
TCGA.B6.A0RU.01A	0.47	0.697	0.165	2	1.62	1.82	0.139	0.557	0.0369	0.0512
TCGA.B6.A0RV.01A	0.42	0.475	0.0824	2	2	2	0.223	0.252	0	0.0239
TCGA.B6.A0WS.01A	0.54	0.219	0.608	4	3.82	3.9	0.0399	0.179	0	0
TCGA.B6.A0WT.01A	0.69	0.186	0.243	2	1.94	1.96	0.0348	0.152	0.0226	0.0157
TCGA.B6.A0WV.01A	0.78	0.48	0.14	4	3.64	3.72	0.106	0.374	0	0
TCGA.B6.A0WX.01A	0.33	0.219	0.456	2	2.41	2.13	0.132	0.087	0.0104	0
TCGA.B6.A0WY.01A	0.18	0.258	0.483	2	1.99	2	0.0646	0.194	0.0766	0.00601
TCGA.B6.A0WZ.01A	0.63	0.357	0.113	2	2.18	2.11	0.259	0.0979	0.0105	0.00175
TCGA.B6.A0X0.01A	0.62	0.446	0.0846	2	2.03	2.02	0.136	0.31	0	0
TCGA.B6.A0X1.01A	0.79	0.747	0.168	2	1.55	1.64	0.0657	0.681	0.1	0.0239
TCGA.B6.A0X4.01A	0.52	0.0716	0.122	2	2.01	2.01	0.0249	0.0468	0	0.00292
TCGA.B6.A0X5.01A	0.96	0.14	0.135	2	1.98	1.98	0.0424	0.0973	0.0188	0
TCGA.B6.A0X7.01A	0.77	0.401	0.0292	2	2	2	0.174	0.227	0	0.00669
TCGA.B6.A1KC.01A	0.85	0.57	0.0781	2	1.78	1.81	0.114	0.457	0.0172	0.0244
TCGA.B6.A1KC.01B	0.95	0.559	0.392	4	3.74	3.75	0.147	0.412	0	0.00588
TCGA.B6.A1KF.01A	0.88	0.625	0.32	4	3.99	3.99	0.152	0.473	0	0.00916
TCGA.B6.A1KI.01A	0.82	0.0661	0	2	1.99	2	0.0154	0.0507	0	0
TCGA.B6.A1KN.01A	0.78	0.478	0.251	4	3.87	3.9	0.19	0.288	0	0
TCGA.B6.A2IU.01A	0.66	0.34	0.069	2	2.01	2.01	0.16	0.18	0.0156	0
TCGA.B6.A3ZX.01A	0.14	0.533	0.63	2	2.04	2.01	0.208	0.325	0.156	0.0934
TCGA.B6.A401.01A	0.37	0.314	0.29	2	2.2	2.07	0.249	0.0646	0	0.00922
TCGA.B6.A408.01A	0.74	0.285	0.133	2	1.9	1.93	0.0617	0.223	0.00475	0.0285
TCGA.B6.A409.01A	0.49	0.613	0.117	2	1.93	1.96	0.157	0.456	0.00512	0.0239
TCGA.B6.A40C.01A	0.73	0.209	0.29	2	1.98	1.98	0.0728	0.137	0.0228	0
TCGA.BH.A0AU.01A	0.49	0.545	0.666	4	3.16	3.59	0.0895	0.455	0	0
TCGA.BH.A0AV.01A	0.3	0.315	0.345	2	2.77	2.23	0.29	0.0251	0.00697	0
TCGA.BH.A0AW.01A	0.57	0.7	0.605	4	3.87	3.93	0.196	0.504	0	0
TCGA.BH.A0AY.01A	0.55	0.528	0.603	4	4.04	4.02	0.142	0.386	0	0
TCGA.BH.A0AZ.01A	0.27	0.464	0.138	2	1.92	1.98	0.188	0.276	0.027	0
TCGA.BH.A0B0.01A	0.5	0.376	0.155	2	1.79	1.89	0.11	0.267	0.0477	0
TCGA.BH.A0B1.01A	0.75	0.472	0.274	4	3.95	3.96	0.118	0.354	0	0
TCGA.BH.A0B2.01A	0.86	0.143	0.1	2	2.09	2.08	0.0735	0.0694	0	0
TCGA.BH.A0B3.01A	0.53	0.735	0.332	4	3.62	3.8	0.136	0.598	0	0
TCGA.BH.A0B4.01A	0.56	0.43	0.253	2	2.09	2.05	0.185	0.244	0.0196	0.00357
TCGA.BH.A0B5.01A	0.65	0.342	0.276	4	3.98	3.99	0.163	0.18	0	0
TCGA.BH.A0B6.01A	0.41	0.276	0.464	4	3.97	3.99	0.0907	0.185	0	0.00197
TCGA.BH.A0B7.01A	0.19	0.544	0.429	2	1.96	1.99	0.217	0.327	0.0857	0.0657
TCGA.BH.A0B8.01A	0.82	0.417	0.0185	2	1.62	1.69	0.017	0.4	0.00772	0
TCGA.BH.A0B9.01A	0.56	0.519	0.103	2	1.84	1.91	0.146	0.374	0.0134	0.0249
TCGA.BH.A0BA.01A	0.6	0.533	0.0451	2	1.52	1.71	0.0259	0.507	0.0037	0.013
TCGA.BH.A0BC.01A	0.54	0.403	0.128	2	1.95	1.97	0.178	0.225	0.0434	0
TCGA.BH.A0BD.01A	0.66	0.22	0.0619	2	2.12	2.08	0.107	0.113	0.00973	0
TCGA.BH.A0BF.01A	0.2	0.245	0.391	2	2.18	2.04	0.124	0.121	0.0319	0.00355
TCGA.BH.A0BG.01A	0.83	0.577	0.0601	2	1.82	1.85	0.136	0.44	0.00116	0.0185
TCGA.BH.A0BJ.01A	0.96	0.1	0.716	4	4.1	4.1	0.0771	0.023	0	0
TCGA.BH.A0BL.01A	0.39	0.598	0.251	2	1.61	1.85	0.0978	0.5	0.109	0.00217
TCGA.BH.A0BM.01A	0.17	0.0812	0.179	2	1.8	1.97	0.0145	0.0667	0	0
TCGA.BH.A0BO.01A	0.18	0.258	0.324	2	1.99	2	0.102	0.157	0.0374	0.0214
TCGA.BH.A0BP.01A	0.57	0.64	0.0947	2	1.99	1.99	0.246	0.394	0	0.0152
TCGA.BH.A0BQ.01A	0.21	0.262	0.306	2	2.14	2.03	0.178	0.0836	0.0285	0
TCGA.BH.A0BR.01A	0.22	0.417	0.113	2	1.36	1.86	0.0535	0.363	0.0113	0
TCGA.BH.A0BS.01A	0.66	0.158	0.08	2	1.99	2	0.0368	0.121	0	0
TCGA.BH.A0BT.01A	0.81	0.422	0.526	4	3.69	3.75	0.0906	0.332	0	0
TCGA.BH.A0BV.01A	0.69	0.399	0.249	4	3.81	3.87	0.124	0.275	0	0
TCGA.BH.A0BW.01A	0.51	0.59	0.292	2	1.8	1.9	0.178	0.412	0.0962	0.0653
TCGA.BH.A0BZ.01A	0.53	0.24	0.297	2	2.12	2.06	0.154	0.0867	0	0.0252
TCGA.BH.A0C0.01A	0.34	0.648	0.138	2	1.78	1.92	0.135	0.513	0.0139	0.0239
TCGA.BH.A0C1.01B	0.58	0.334	0.568	4	3.85	3.91	0.0598	0.274	0	0
TCGA.BH.A0C3.01A	0.23	0.149	0.457	2	2.13	2.03	0.114	0.0349	0.00734	0.00183
TCGA.BH.A0C7.01B	0.22	0.464	0.156	2	1.61	1.91	0.148	0.315	0.0371	0
TCGA.BH.A0DD.01A	0.28	0.319	0.315	2	1.97	1.99	0.104	0.215	0.0212	0
TCGA.BH.A0DE.01A	0.23	0.185	0.0261	2	1.59	1.91	0.00644	0.179	0.00322	0
TCGA.BH.A0DG.01A	0.26	0.238	0.262	2	2.16	2.04	0.12	0.118	0.00824	0
TCGA.BH.A0DH.01A	0.79	0.244	0.17	2	1.81	1.85	0.0347	0.21	0.0416	0
TCGA.BH.A0DI.01A	0.21	0.216	0.294	2	2	2	0.0841	0.132	0.0429	0
TCGA.BH.A0DK.01A	0.53	0.174	0.926	4	3.69	3.84	0.00916	0.165	0	0
TCGA.BH.A0DL.01A	0.43	0.378	0.126	2	2.16	2.07	0.202	0.176	0	0.0164
TCGA.BH.A0DO.01B	0.39	0.224	0.366	2	2.15	2.06	0.134	0.0902	0.016	0
TCGA.BH.A0DP.01A	0.46	0.436	0.233	4	4.11	4.05	0.0717	0.365	0	0
TCGA.BH.A0DQ.01A	0.6	0.343	0.169	2	1.97	1.98	0.138	0.206	0.012	0.0259
TCGA.BH.A0DS.01A	0.62	0.512	0.289	2	2.44	2.27	0.383	0.129	0	0
TCGA.BH.A0DT.01A	0.45	0.21	0.0357	2	2.11	2.05	0.122	0.0882	0	0
TCGA.BH.A0DV.01A	0.54	0.125	0	2	2	2	0.0594	0.0656	0	0
TCGA.BH.A0DX.01A	0.2	0.356	0.279	2	2.18	2.04	0.301	0.055	0.0355	0.00532
TCGA.BH.A0DZ.01A	0.64	0.15	0.0964	2	1.92	1.95	0.0252	0.124	0.00721	0
TCGA.BH.A0E0.01A	0.71	0.605	0.665	4	3.35	3.54	0.0721	0.533	0	0
TCGA.BH.A0E1.01A	0.75	0.267	0.00719	2	2.04	2.03	0.131	0.137	0.00192	0
TCGA.BH.A0E2.01A	0.71	0.485	0.32	2	1.87	1.91	0.162	0.323	0.135	0
TCGA.BH.A0E6.01A	0.21	0.419	0.459	2	2.44	2.09	0.248	0.171	0.057	0.00489
TCGA.BH.A0E7.01A	0.82	0.11	0.13	2	2.04	2.03	0.0652	0.0448	0.0122	0
TCGA.BH.A0E9.01B	0.17	0.322	0.514	2	1.96	1.99	0.065	0.257	0.096	0.0186
TCGA.BH.A0EA.01A	0.54	0.143	0.321	2	2.08	2.04	0.067	0.0762	0	0
TCGA.BH.A0EB.01A	0.56	0.478	0.77	4	3.73	3.85	0.11	0.368	0	0
TCGA.BH.A0EE.01A	0.65	0.37	0.0667	2	1.96	1.97	0.11	0.261	0.00274	0.00137
TCGA.BH.A0EI.01A	0.59	0.5	0.012	2	1.93	1.96	0.157	0.343	0.00199	0
TCGA.BH.A0GY.01A	0.66	0.717	0.356	4	3.66	3.78	0.107	0.609	0	0
TCGA.BH.A0GZ.01A	0.66	0.313	0.0194	2	1.85	1.9	0.115	0.198	0.00606	0
TCGA.BH.A0H0.01A	0.85	0.37	0.158	2	1.93	1.94	0.115	0.255	0.0182	0
TCGA.BH.A0H3.01A	0.49	0.247	0.0889	2	2.06	2.03	0.152	0.0951	0.00366	0
TCGA.BH.A0H5.01A	0.14	0.0423	0.808	2	2	2	0.0114	0.0309	0.0163	0.0146
TCGA.BH.A0H6.01A	0.79	0.209	0.301	2	2.14	2.11	0.113	0.0951	0.0142	0
TCGA.BH.A0H7.01A	0.78	0.528	0.0928	2	1.87	1.9	0.0839	0.445	0.019	0.00316
TCGA.BH.A0H9.01A	0.33	0.129	0.471	2	2.21	2.07	0.0835	0.0455	0.0209	0
TCGA.BH.A0HA.01A	0.72	0.237	0.0803	2	1.92	1.94	0.111	0.127	0.0191	0
TCGA.BH.A0HB.01A	0.66	0.28	0.22	2	1.93	1.95	0.0782	0.201	0.00998	0.00166
TCGA.BH.A0HF.01A	0.22	0.49	0.0996	2	1.93	1.98	0.291	0.199	0.0122	0
TCGA.BH.A0HI.01A	0.68	0.304	0.0994	2	2	2	0.129	0.175	0.00504	0
TCGA.BH.A0HK.01A	0.78	0.153	0.304	2	2.02	2.01	0.0484	0.105	0.00969	0
TCGA.BH.A0HL.01A	0.91	0.276	0.172	2	1.92	1.93	0.0914	0.185	0.0381	0
TCGA.BH.A0HN.01A	0.92	0.312	0.605	4	4.04	4.04	0.0894	0.223	0	0
TCGA.BH.A0HO.01A	0.7	0.0272	0.125	2	1.99	1.99	0.0068	0.0204	0.0034	0
TCGA.BH.A0HP.01A	0.45	0.35	0.227	2	1.96	1.98	0.129	0.221	0.0278	0.0139
TCGA.BH.A0HQ.01A	0.43	0.519	0.237	4	4.14	4.06	0.186	0.333	0	0
TCGA.BH.A0HU.01A	0.79	0.563	0.0435	2	1.86	1.89	0.22	0.343	0.0132	0.00565
TCGA.BH.A0HW.01A	0.96	0.224	0.269	2	1.94	1.94	0.0584	0.166	0.0452	0
TCGA.BH.A0HX.01A	0.72	0.607	0.188	4	3.51	3.65	0.0935	0.514	0	0
TCGA.BH.A0HY.01A	0.83	0.662	0.239	4	3.75	3.79	0.197	0.465	0	0
TCGA.BH.A0RX.01A	0.79	0.262	0.0293	2	2	2	0.0651	0.197	0	0
TCGA.BH.A0W3.01A	0.88	0.297	0.225	4	3.93	3.94	0.113	0.184	0	0
TCGA.BH.A0W4.01A	0.52	0.246	0.115	2	1.97	1.98	0.0852	0.161	0.0114	0.017
TCGA.BH.A0W5.01A	0.3	0.18	0.467	2	2.1	2.03	0.102	0.0783	0.0235	0
TCGA.BH.A0W7.01A	0.16	0.46	0.196	2	1.66	1.95	0.117	0.343	0.0414	0.00592
TCGA.BH.A0WA.01A	0.68	0.732	0.0572	2	1.78	1.85	0.154	0.578	0.00838	0.00168
TCGA.BH.A18F.01A	0.2	0.515	0.34	2	1.63	1.93	0.14	0.375	0.102	0.00175
TCGA.BH.A18G.01A	0.66	0.493	0.102	2	2.11	2.07	0.258	0.235	0.00194	0.00971
TCGA.BH.A18H.01A	0.39	0.194	0.0467	2	1.99	2	0.0344	0.159	0.00181	0
TCGA.BH.A18I.01A	0.71	0.309	0.282	4	3.82	3.87	0.0594	0.25	0	0
TCGA.BH.A18J.01A	0.23	0.301	0.175	2	1.82	1.96	0.117	0.185	0.0214	0
TCGA.BH.A18K.01A	0.71	0.582	0.32	4	3.63	3.74	0.0798	0.502	0	0
TCGA.BH.A18L.01A	0.84	0.501	0.166	2	2.16	2.13	0.204	0.297	0	0.0108
TCGA.BH.A18M.01A	0.44	0.243	0.261	2	2.07	2.03	0.0926	0.151	0	0.0331
TCGA.BH.A18N.01A	0.82	0.504	0.726	4	3.91	3.92	0.14	0.364	0	0
TCGA.BH.A18Q.01A	0.83	0.759	0.401	4	3	3.17	0.0686	0.69	0	0
TCGA.BH.A18R.01A	0.58	0.156	0.347	2	2.02	2.01	0.0694	0.0864	0	0
TCGA.BH.A18S.01A	0.89	0.353	0.0749	2	2.01	2.01	0.168	0.185	0.0265	0
TCGA.BH.A18T.01A	0.76	0.732	0.0538	2	1.76	1.82	0.183	0.549	0.0197	0
TCGA.BH.A18U.01A	0.88	0.855	0.256	4	3.99	4	0.335	0.52	0	0
TCGA.BH.A18V.01A	0.72	0.785	0.456	4	3.47	3.62	0.204	0.581	0	0
TCGA.BH.A18V.06A	0.47	0.7	0.368	2	1.67	1.84	0.148	0.552	0.11	0.104
TCGA.BH.A1EN.01A	0.89	0.38	0.0394	2	1.78	1.8	0.0225	0.358	0.00749	0
TCGA.BH.A1EO.01A	0.61	0.572	0.735	4	3.59	3.75	0.0584	0.514	0	0
TCGA.BH.A1ES.01A	0.84	0.338	0.202	4	3.77	3.81	0.0554	0.282	0	0
TCGA.BH.A1ES.06A	0.63	0.494	0.112	2	2.04	2.03	0.201	0.293	0	0.00554
TCGA.BH.A1ET.01A	0.67	0.0392	0.13	2	1.97	1.98	0.00511	0.0341	0.00341	0
TCGA.BH.A1EU.01A	0.34	0.307	0.155	2	1.89	1.96	0.0752	0.232	0.0416	0
TCGA.BH.A1EV.01A	0.75	0.383	0.443	4	3.72	3.79	0.0812	0.301	0	0
TCGA.BH.A1EW.01A	0.44	0.58	0.711	4	4.23	4.1	0.164	0.416	0	0
TCGA.BH.A1EX.01A	0.64	0.545	0.0978	2	2.32	2.21	0.294	0.251	0.00395	0
TCGA.BH.A1EY.01A	0.23	0.4	0.088	2	1.24	1.83	0.0352	0.365	0.00704	0
TCGA.BH.A1F0.01A	0.17	0.388	0.488	2	1.94	1.99	0.126	0.262	0.0632	0.0874
TCGA.BH.A1F2.01A	0.87	0.437	0.0568	2	1.86	1.88	0.0802	0.357	0.00113	0.0102
TCGA.BH.A1F5.01A	0.9	0.472	0.13	4	3.97	3.97	0.2	0.272	0	0
TCGA.BH.A1F6.01A	0.54	0.428	0.108	2	1.91	1.95	0.0812	0.347	0	0.00738
TCGA.BH.A1F8.01A	0.74	0.561	0.352	2	1.55	1.67	0.0791	0.482	0.198	0
TCGA.BH.A1FC.01A	0.63	0.648	0.108	2	2.03	2.02	0.237	0.41	0.00299	0
TCGA.BH.A1FD.01A	0.69	0.646	0.0855	2	1.75	1.83	0.179	0.467	0.0343	0
TCGA.BH.A1FE.01A	0.17	0.354	0.434	2	2.22	2.04	0.19	0.165	0.0669	0.0344
TCGA.BH.A1FE.06A	0.2	0.0253	0.0714	2	2	2	0.00181	0.0235	0	0.00181
TCGA.BH.A1FG.01A	0.85	0.507	0.0485	2	2.12	2.1	0.297	0.21	0.0151	0
TCGA.BH.A1FH.01A	0.16	0.41	0.494	2	2.01	2	0.166	0.244	0.102	0.0494
TCGA.BH.A1FJ.01A	0.96	0.0778	0.234	2	2.1	2.1	0.048	0.0298	0.00166	0
TCGA.BH.A1FL.01A	0.79	0.403	0.112	2	2.01	2.01	0.175	0.228	0.0129	0.0113
TCGA.BH.A1FM.01A	0.81	0.513	0.25	4	3.72	3.78	0.143	0.37	0	0
TCGA.BH.A1FN.01A	0.79	0.569	0.15	2	2.13	2.1	0.285	0.283	0.00556	0.00185
TCGA.BH.A1FR.01A	0.73	0.0565	0	2	2	2	0	0.0565	0	0
TCGA.BH.A1FU.01A	0.21	0.494	0.34	2	2.08	2.02	0.249	0.245	0.0692	0.0435
TCGA.BH.A201.01A	0.21	0.181	0.139	2	1.96	1.99	0.0801	0.101	0.00742	0
TCGA.BH.A202.01A	0.86	0.468	0.098	2	1.97	1.97	0.0918	0.377	0	0
TCGA.BH.A203.01A	0.45	0.575	0.531	4	4.12	4.06	0.171	0.404	0	0.00186
TCGA.BH.A28O.01A	0.11	0.17	0.92	2	2	2	0.0754	0.0948	0.089	0.0406
TCGA.BH.A2L8.01A	0.33	0.203	0.514	2	2.05	2.02	0.11	0.093	0.00569	0.0455
TCGA.BH.A42T.01A	0.71	0.497	0.0367	2	1.81	1.87	0.162	0.334	0.0116	0.00662
TCGA.BH.A42U.01A	0.82	0.116	0	2	2	2	0.0496	0.0667	0	0
TCGA.BH.A42V.01A	0.2	0.114	0.197	2	1.98	2	0.0531	0.0612	0.0113	0.00161
TCGA.BH.A5IZ.01A	0.6	0.701	0.101	2	1.75	1.85	0.264	0.437	0.0177	0.0257
TCGA.BH.A6R8.01A	0.72	0.513	0.175	2	2.12	2.09	0.192	0.321	0.0014	0.0154
TCGA.BH.A6R9.01A	0.15	0.161	0.682	2	1.94	1.99	0.0228	0.139	0.0569	0.0323
TCGA.BH.A8FY.01A	0.92	0.233	0.195	2	2.09	2.08	0.13	0.103	0.0355	0
TCGA.BH.A8FZ.01A	0.19	0.381	0.251	2	1.97	1.99	0.209	0.172	0.0522	0.0122
TCGA.BH.A8G0.01A	0.19	0.114	0.254	2	2	2	0.064	0.0496	0.016	0.0016
TCGA.BH.AB28.01A	0.54	0.457	0.116	2	1.96	1.98	0.193	0.264	0.0138	0
TCGA.C8.A12K.01A	0.25	0.489	0.216	2	2.07	2.02	0.257	0.232	0.0255	0
TCGA.C8.A12L.01A	0.72	0.673	0.205	2	1.73	1.81	0.135	0.538	0.0556	0.0476
TCGA.C8.A12M.01A	0.82	0.5	0.213	4	4.06	4.05	0.238	0.262	0	0
TCGA.C8.A12N.01A	0.86	0.288	0.0503	4	4.07	4.06	0.142	0.146	0	0
TCGA.C8.A12O.01A	0.5	0.283	0.124	2	2.09	2.04	0.0685	0.215	0.00185	0
TCGA.C8.A12P.01A	0.45	0.388	0.143	2	1.96	1.98	0.18	0.207	0	0.0161
TCGA.C8.A12Q.01A	0.53	0.43	0.508	4	4.12	4.06	0.186	0.245	0	0
TCGA.C8.A12T.01A	0.75	0.198	0.104	2	2.07	2.05	0.0881	0.11	0	0.00147
TCGA.C8.A12U.01A	0.71	0.608	0.315	4	3.96	3.97	0.187	0.421	0	0
TCGA.C8.A12V.01A	0.12	0.445	0.682	2	1.86	1.98	0.138	0.307	0.178	0.0785
TCGA.C8.A12W.01A	0.61	0.68	0.134	2	2.05	2.03	0.215	0.465	0.00194	0.0349
TCGA.C8.A12X.01A	0.83	0.404	0.0853	2	1.95	1.96	0.245	0.159	0.0326	0
TCGA.C8.A12Y.01A	0.73	0.346	0.215	2	2.02	2.02	0.142	0.204	0.0104	0
TCGA.C8.A12Z.01A	0.7	0.332	0.247	2	1.97	1.98	0.113	0.219	0.0347	0
TCGA.C8.A130.01A	0.7	0.584	0.0991	2	1.78	1.84	0.114	0.47	0.0281	0.00526
TCGA.C8.A131.01A	0.91	0.373	0.08	2	2.02	2.02	0.172	0.201	0	0
TCGA.C8.A132.01A	0.22	0.191	0.228	2	1.81	1.96	0.0201	0.171	0.0335	0
TCGA.C8.A133.01A	0.13	0.287	0.672	2	1.91	1.99	0.0876	0.199	0.131	0.0303
TCGA.C8.A134.01A	0.63	0.725	0.126	2	1.7	1.81	0.115	0.61	0.0353	0.0242
TCGA.C8.A135.01A	0.22	0.451	0.305	2	2.31	2.07	0.272	0.179	0.0396	0
TCGA.C8.A137.01A	0.74	0.41	0.127	2	1.91	1.93	0.151	0.259	0.0205	0.00746
TCGA.C8.A138.01A	0.58	0.6	0.601	4	3.74	3.85	0.165	0.434	0	0
TCGA.C8.A1HE.01A	0.72	0.337	0	2	1.92	1.94	0.103	0.233	0	0
TCGA.C8.A1HF.01A	0.65	0.308	0.0839	2	1.83	1.89	0.0537	0.254	0.00994	0.00596
TCGA.C8.A1HG.01A	0.59	0.338	0.236	2	2.19	2.11	0.169	0.169	0	0.00557
TCGA.C8.A1HI.01A	0.2	0.372	0.354	2	2.26	2.05	0.124	0.248	0.0543	0.00969
TCGA.C8.A1HJ.01A	0.74	0.648	0.226	2	1.71	1.79	0.133	0.516	0.0742	0.0605
TCGA.C8.A1HK.01A	0.88	0.495	0.116	2	1.82	1.84	0.102	0.394	0.0536	0
TCGA.C8.A1HL.01A	0.84	0.198	0.189	2	1.92	1.93	0.0446	0.154	0.025	0
TCGA.C8.A1HM.01A	0.61	0.557	0.178	2	1.94	1.96	0.178	0.38	0.00174	0.0314
TCGA.C8.A1HN.01A	0.81	0.437	0.0673	2	1.96	1.97	0.129	0.308	0.0118	0
TCGA.C8.A1HO.01A	0.83	0.294	0.145	2	1.93	1.94	0.085	0.209	0.0351	0
TCGA.C8.A278.01A	0.18	0.204	0.509	2	2.12	2.02	0.093	0.111	0.0447	0.0143
TCGA.C8.A27A.01A	0.88	0.416	0.153	2	1.89	1.9	0.0668	0.349	0.0518	0
TCGA.C8.A27B.01A	0.73	0.685	0.172	2	1.62	1.72	0.0786	0.607	0.0325	0.0547
TCGA.C8.A3M7.01A	0.37	0.232	0.4	2	2.07	2.03	0.135	0.0968	0.0181	0
TCGA.C8.A3M8.01A	0.66	0.464	0.213	2	1.96	1.98	0.119	0.345	0.0279	0.0261
TCGA.C8.A8HP.01A	0.18	0.377	0.364	2	1.91	1.98	0.143	0.234	0.0464	0.0503
TCGA.C8.A8HQ.01A	0.58	0.211	0.0777	2	1.82	1.89	0.0144	0.197	0.0164	0
TCGA.C8.A8HR.01A	0.17	0.458	0.434	2	1.85	1.97	0.191	0.267	0.0966	0.0379
TCGA.C8.A9FZ.01A	0.93	0.285	0.301	2	1.78	1.8	0.0322	0.253	0.0827	0.00153
TCGA.D8.A13Y.01A	0.95	0.541	0.332	4	3.47	3.5	0.142	0.398	0	0
TCGA.D8.A13Z.01A	0.67	0.498	0.126	2	1.93	1.95	0.145	0.352	0	0.0372
TCGA.D8.A140.01A	0.64	0.208	0.224	2	1.99	2	0.0815	0.126	0	0
TCGA.D8.A141.01A	0.99	0.462	0	2	1.99	1.99	0.0984	0.364	0	0
TCGA.D8.A142.01A	0.51	0.539	0.265	2	2.49	2.25	0.342	0.197	0	0.0898
TCGA.D8.A143.01A	0.78	0.825	0.212	4	3.77	3.82	0.274	0.551	0	0
TCGA.D8.A145.01A	0.14	0.466	0.407	2	1.94	1.99	0.2	0.267	0.124	0.00818
TCGA.D8.A146.01A	0.47	0.318	0.37	4	3.92	3.96	0.119	0.198	0	0.00168
TCGA.D8.A147.01A	0.72	0.611	0.204	2	2.13	2.09	0.27	0.341	0	0.063
TCGA.D8.A1J8.01A	0.74	0.594	0.0738	2	1.58	1.69	0.0424	0.552	0.0127	0.0311
TCGA.D8.A1J9.01A	0.7	0.514	0.409	4	3.79	3.85	0.155	0.359	0	0
TCGA.D8.A1JA.01A	0.79	0.355	0.299	2	1.86	1.89	0.0873	0.268	0.0797	0.0171
TCGA.D8.A1JB.01A	0.2	0.164	0.263	2	1.91	1.98	0.0231	0.14	0.0281	0.00331
TCGA.D8.A1JC.01A	0.68	0.581	0.0565	2	1.84	1.89	0.189	0.392	0.0212	0
TCGA.D8.A1JD.01A	0.7	0.443	0.395	4	4.12	4.08	0.218	0.225	0	0
TCGA.D8.A1JE.01A	0.57	0.614	0.129	4	3.74	3.85	0.212	0.402	0	0
TCGA.D8.A1JF.01A	0.62	0.843	0.436	4	3.61	3.76	0.268	0.575	0	0
TCGA.D8.A1JG.01B	0.29	0.375	0.397	2	2.38	2.11	0.278	0.0963	0.0035	0
TCGA.D8.A1JH.01A	0.1	0.513	0.832	2	2.02	2	0.237	0.276	0.289	0.0733
TCGA.D8.A1JI.01A	0.89	0.403	0.294	2	1.8	1.82	0.127	0.276	0.118	0
TCGA.D8.A1JJ.01A	0.62	0.443	0.472	4	3.58	3.74	0.104	0.339	0	0
TCGA.D8.A1JK.01A	0.58	0.654	0.27	4	3.75	3.86	0.257	0.398	0	0
TCGA.D8.A1JL.01A	0.43	0.858	0.1	2	1.87	1.95	0.337	0.521	0.00575	0.046
TCGA.D8.A1JM.01A	0.76	0.7	0.176	2	1.71	1.78	0.199	0.501	0.103	0
TCGA.D8.A1JN.01A	0.88	0.62	0.0826	2	1.93	1.93	0.252	0.368	0.0512	0
TCGA.D8.A1JP.01A	0.63	0.56	0.226	2	1.99	1.99	0.204	0.356	0.022	0.0477
TCGA.D8.A1JS.01A	0.97	0.163	0.0741	2	2.01	2.01	0.103	0.0605	0.0121	0
TCGA.D8.A1JT.01A	0.95	0.505	0.338	4	4.61	4.58	0.351	0.154	0	0
TCGA.D8.A1JU.01A	0.39	0.157	0.412	2	2.01	2.01	0.0849	0.072	0.00554	0.0535
TCGA.D8.A1X5.01A	0.7	0.748	0.625	4	3.39	3.58	0.121	0.626	0	0
TCGA.D8.A1X6.01A	0.79	0.245	0.438	4	4.23	4.18	0.126	0.119	0	0
TCGA.D8.A1X7.01A	0.76	0.238	0.163	2	2.11	2.09	0.124	0.115	0	0
TCGA.D8.A1X8.01A	0.59	0.313	0.0267	2	1.93	1.96	0.102	0.211	0.00838	0
TCGA.D8.A1XA.01A	0.81	0.482	0.292	2	1.63	1.7	0.0492	0.433	0.141	0
TCGA.D8.A1XB.01A	0.52	0.38	0.236	4	3.93	3.97	0.129	0.251	0	0
TCGA.D8.A1XC.01A	0.74	0.0651	0.135	2	2.05	2.04	0.0563	0.0088	0	0
TCGA.D8.A1XF.01A	0.8	0.544	0.0823	2	1.85	1.88	0.164	0.38	0.0189	0
TCGA.D8.A1XG.01A	0.81	0.294	0.253	2	1.98	1.99	0.12	0.174	0.0411	0
TCGA.D8.A1XJ.01A	0.78	0.372	0.404	4	3.78	3.83	0.0971	0.275	0	0
TCGA.D8.A1XK.01A	0.58	0.22	0.399	2	2.16	2.09	0.181	0.0399	0	0.0447
TCGA.D8.A1XL.01A	0.84	0.445	0.0731	2	1.83	1.86	0.082	0.363	0.00391	0.00651
TCGA.D8.A1XM.01A	0.49	0.149	0.325	2	1.91	1.96	0.0317	0.117	0.0428	0.00559
TCGA.D8.A1XO.01A	0.6	0.252	0.0763	2	1.82	1.89	0.0462	0.206	0.0192	0
TCGA.D8.A1XQ.01A	0.61	0.662	0.196	2	1.86	1.92	0.161	0.501	0.0164	0.0739
TCGA.D8.A1XR.01A	0.83	0.385	0.333	4	3.93	3.94	0.162	0.223	0	0
TCGA.D8.A1XS.01A	0.7	0.315	0.113	2	2.16	2.11	0.182	0.133	0.0139	0
TCGA.D8.A1XT.01A	0.5	0.545	0.207	2	1.78	1.89	0.145	0.4	0.0516	0.0535
TCGA.D8.A1XU.01A	0.61	0.52	0.16	2	1.47	1.68	0.0111	0.509	0.0704	0.013
TCGA.D8.A1XV.01A	0.12	0.522	0.664	2	2.32	2.04	0.366	0.156	0.237	0.00177
TCGA.D8.A1XW.01A	0.73	0.726	0.0292	2	1.55	1.67	0.0901	0.636	0.0194	0.00177
TCGA.D8.A1XY.01A	0.57	0.642	0.597	4	3.71	3.84	0.202	0.44	0	0
TCGA.D8.A1XZ.01A	0.76	0.588	0.193	4	3.9	3.93	0.171	0.418	0	0
TCGA.D8.A1Y0.01A	0.53	0.449	0.404	2	1.98	1.99	0.174	0.275	0.107	0.0225
TCGA.D8.A27V.01A	0.29	0.463	0.241	2	2.18	2.05	0.197	0.266	0.00164	0
TCGA.D8.A3Z5.01A	0.2	0.337	0.397	2	2.21	2.04	0.205	0.132	0.0278	0.0104
TCGA.D8.A3Z6.01A	0.62	0.338	0.119	2	2.04	2.03	0.146	0.192	0.00505	0
TCGA.D8.A4Z1.01A	0.73	0.346	0	2	2	2	0.172	0.174	0	0
TCGA.D8.A73U.01A	0.2	0.435	0.305	2	1.83	1.97	0.113	0.321	0.0615	0.0173
TCGA.D8.A73W.01A	0.7	0.196	0.215	2	1.97	1.98	0.0716	0.125	0.0294	0
TCGA.D8.A73X.01A	0.95	0.155	0.398	4	4.03	4.03	0.0554	0.0995	0	0
TCGA.E2.A105.01A	0.74	0.5	0.0113	2	1.95	1.96	0.198	0.302	0.00189	0
TCGA.E2.A107.01A	0.67	0.489	0.169	4	4.07	4.05	0.233	0.256	0	0
TCGA.E2.A108.01A	0.15	0.368	0.541	2	1.98	2	0.0954	0.272	0.0875	0.0457
TCGA.E2.A109.01A	0.83	0.633	0.222	4	3.81	3.84	0.144	0.489	0	0
TCGA.E2.A10A.01A	0.95	0.27	0.363	4	3.89	3.89	0.0941	0.176	0	0
TCGA.E2.A10C.01A	0.56	0.578	0.0735	2	2.03	2.02	0.231	0.347	0	0
TCGA.E2.A10F.01A	0.46	0.531	0.0252	2	2.04	2.02	0.323	0.208	0.00191	0
TCGA.E2.A14N.01A	0.25	0.624	0.225	2	1.72	1.93	0.136	0.488	0.0264	0.0528
TCGA.E2.A14O.01A	0.81	0.625	0.321	4	3.11	3.28	0.0497	0.576	0	0
TCGA.E2.A14P.01A	0.49	0.736	0.168	2	2.22	2.11	0.336	0.4	0.0212	0.029
TCGA.E2.A14Q.01A	0.56	0.324	0.0632	2	1.88	1.93	0.077	0.247	0.0168	0
TCGA.E2.A14R.01A	0.87	0.791	0.301	4	3.98	3.98	0.348	0.443	0	0.00391
TCGA.E2.A14S.01A	0.77	0.436	0.087	2	2.23	2.17	0.237	0.199	0.0247	0
TCGA.E2.A14T.01A	0.71	0.339	0.0884	2	2.04	2.03	0.124	0.214	0.00157	0
TCGA.E2.A14U.01A	0.15	0.109	0.567	2	2.01	2	0.0441	0.0654	0.0294	0.0131
TCGA.E2.A14V.01A	0.59	0.554	0.382	4	3.91	3.95	0.161	0.393	0	0
TCGA.E2.A14X.01A	0.21	0.636	0.356	2	3.22	2.26	0.312	0.324	0.0598	0
TCGA.E2.A14Y.01A	0.7	0.564	0.0404	2	2.1	2.07	0.258	0.306	0.0019	0
TCGA.E2.A14Z.01A	0.56	0.648	0.707	4	3.55	3.75	0.106	0.542	0	0
TCGA.E2.A150.01A	0.67	0.658	0.492	4	3.43	3.62	0.116	0.543	0	0
TCGA.E2.A152.01A	0.66	0.605	0.208	4	3.62	3.75	0.241	0.363	0	0
TCGA.E2.A153.01A	0.79	0.111	0.293	2	2.05	2.04	0.0487	0.0619	0	0
TCGA.E2.A154.01A	0.73	0.526	0	2	1.89	1.92	0.136	0.391	0	0
TCGA.E2.A155.01A	0.79	0.414	0.184	2	1.85	1.88	0.112	0.301	0.0643	0.00402
TCGA.E2.A156.01A	0.93	0.226	0.0333	2	1.99	1.99	0.109	0.117	0.00755	0
TCGA.E2.A158.01A	0.89	0.679	0.0408	2	1.86	1.88	0.25	0.43	0.0158	0
TCGA.E2.A159.01A	0.23	0.425	0.29	2	2.33	2.08	0.263	0.162	0.0364	0
TCGA.E2.A15A.01A	0.72	0.626	0.383	4	3.71	3.79	0.193	0.433	0	0
TCGA.E2.A15A.06A	0.44	0.654	0.0625	2	1.97	1.99	0.245	0.409	0.00186	0.00929
TCGA.E2.A15C.01A	0.62	0.536	0.0484	2	2.09	2.05	0.243	0.293	0.00557	0
TCGA.E2.A15D.01A	0.27	0.215	0.295	2	2.24	2.07	0.0991	0.116	0.00464	0
TCGA.E2.A15E.01A	0.49	0.582	0.671	4	3.59	3.8	0.148	0.434	0	0
TCGA.E2.A15E.06A	0.79	0.617	0.392	4	3.53	3.63	0.152	0.465	0	0
TCGA.E2.A15F.01A	0.21	0.259	0.18	2	1.67	1.93	0.0507	0.208	0.00935	0
TCGA.E2.A15G.01A	0.2	0.255	0.409	2	2.22	2.04	0.137	0.118	0.024	0.00171
TCGA.E2.A15H.01A	0.71	0.263	0.105	2	1.93	1.95	0.0618	0.202	0.00163	0
TCGA.E2.A15I.01A	0.61	0.44	0.11	2	2.01	2	0.11	0.33	0.00162	0.0275
TCGA.E2.A15K.01A	0.64	0.319	0.0602	2	2.01	2.01	0.121	0.198	0.0134	0
TCGA.E2.A15K.06A	0.92	0.259	0.0667	2	2	2	0.0998	0.159	0.0154	0
TCGA.E2.A15L.01A	0.67	0.519	0.0586	2	2.02	2.01	0.181	0.338	0.00894	0
TCGA.E2.A15M.01A	0.34	0.544	0.22	2	1.98	1.99	0.147	0.398	0.0174	0.0386
TCGA.E2.A15O.01A	0.78	0.514	0.0814	2	2.08	2.06	0.23	0.284	0.00598	0
TCGA.E2.A15P.01A	0.59	0.318	0.185	2	1.78	1.87	0.0681	0.25	0.0454	0.0132
TCGA.E2.A15R.01A	0.85	0.603	0.0977	2	1.97	1.97	0.217	0.386	0.0433	0
TCGA.E2.A15S.01A	0.91	0.355	0.498	4	3.89	3.9	0.119	0.236	0	0
TCGA.E2.A15T.01A	0.85	0.362	0.0576	2	1.99	1.99	0.159	0.203	0.0152	0.0038
TCGA.E2.A1B0.01A	0.4	0.727	0.316	2	2.48	2.19	0.416	0.311	0	0.106
TCGA.E2.A1B1.01A	0.6	0.459	0.008	2	2.01	2.01	0.224	0.235	0	0
TCGA.E2.A1B4.01A	0.66	0.162	0.0566	2	1.99	1.99	0.0688	0.0933	0	0
TCGA.E2.A1B5.01A	0.16	0.127	0.697	2	2.03	2.01	0.0499	0.0768	0.0537	0.0115
TCGA.E2.A1B6.01A	0.99	0.161	0	2	1.99	1.99	0.0537	0.107	0	0
TCGA.E2.A1BC.01A	0.21	0.165	0.0619	2	1.68	1.93	0.0204	0.144	0.00509	0
TCGA.E2.A1BD.01A	0.7	0.579	0.229	4	4.4	4.28	0.382	0.197	0	0
TCGA.E2.A1IE.01A	0.73	0.371	0.146	2	1.84	1.89	0.0876	0.284	0.0368	0.0105
TCGA.E2.A1IF.01A	0.24	0.23	0.359	2	2.21	2.05	0.16	0.0703	0.0211	0
TCGA.E2.A1IG.01A	0.75	0.347	0.0169	2	2.03	2.02	0.163	0.184	0.00196	0
TCGA.E2.A1IH.01A	0.23	0.369	0.1	2	1.29	1.84	0.0247	0.344	0.0293	0
TCGA.E2.A1II.01A	0.85	0.179	0.467	4	4.25	4.21	0.118	0.0608	0	0
TCGA.E2.A1IJ.01A	0.19	0.304	0.35	2	2.06	2.01	0.097	0.207	0.0299	0.0299
TCGA.E2.A1IK.01A	0.14	0.0838	0.404	2	1.97	2	0.0303	0.0535	0.0107	0.0196
TCGA.E2.A1IL.01A	0.72	0.223	0	2	2	2	0.118	0.104	0	0
TCGA.E2.A1IN.01A	0.87	0.344	0.317	2	2.19	2.16	0.22	0.124	0	0.0193
TCGA.E2.A1IO.01A	0.47	0.645	0.444	4	3.77	3.89	0.279	0.366	0.00763	0
TCGA.E2.A1IP.01A	0.84	0.022	0.167	2	2.02	2.02	0.0165	0.00549	0	0.00366
TCGA.E2.A1IU.01A	0.62	0.377	0.0452	2	1.98	1.99	0.152	0.225	0.0114	0
TCGA.E2.A1L6.01A	0.99	0.0858	0.0128	2	1.98	1.98	0.0055	0.0803	0	0.0011
TCGA.E2.A1L7.01A	0.75	0.606	0.12	2	1.75	1.81	0.168	0.438	0.0616	0.00187
TCGA.E2.A1L8.01A	0.63	0.562	0.137	2	2	2	0.267	0.295	0	0.0721
TCGA.E2.A1L9.01A	0.65	0.407	0.0599	2	2.09	2.06	0.24	0.167	0	0.00563
TCGA.E2.A1LA.01A	0.54	0.405	0.247	2	1.9	1.95	0.133	0.272	0.0425	0.0277
TCGA.E2.A1LB.01A	0.67	0.202	0.0413	2	1.89	1.93	0.055	0.147	0.00667	0
TCGA.E2.A1LE.01A	0.54	0.418	0.0913	2	1.85	1.92	0.0706	0.347	0	0.0134
TCGA.E2.A1LG.01A	0.81	0.818	0.196	4	3.36	3.48	0.136	0.682	0	0
TCGA.E2.A1LH.01A	0.32	0.472	0.341	2	2.35	2.11	0.311	0.161	0.00556	0.00926
TCGA.E2.A1LK.01A	0.71	0.623	0.0761	2	2.1	2.07	0.255	0.368	0.00163	0.0196
TCGA.E2.A1LL.01A	0.61	0.356	0.165	2	2.1	2.06	0.278	0.0771	0.00131	0.0405
TCGA.E2.A2P5.01A	0.77	0.524	0.646	4	3.41	3.54	0.0677	0.456	0	0
TCGA.E2.A2P6.01A	0.8	0.23	0.0082	2	1.99	1.99	0.0943	0.136	0	0
TCGA.E2.A3DX.01A	0.21	0.0214	0.615	2	2	2	0.00824	0.0132	0.00824	0
TCGA.E2.A56Z.01A	0.84	0.467	0.167	4	3.96	3.97	0.239	0.228	0	0
TCGA.E2.A570.01A	0.63	0.446	0.149	2	2.11	2.07	0.13	0.316	0	0.00513
TCGA.E2.A572.01A	0.59	0.478	0.0076	2	1.96	1.98	0.225	0.253	0	0
TCGA.E2.A573.01A	0.24	0.288	0.274	2	2.07	2.02	0.158	0.13	0.019	0.00146
TCGA.E2.A574.01A	0.89	0.839	0.399	4	4.42	4.37	0.442	0.397	0	0.00152
TCGA.E2.A576.01A	0.82	0.496	0.15	2	1.83	1.86	0.132	0.365	0.0395	0
TCGA.E2.A9RU.01A	0.82	0.795	0.391	6	5.56	5.64	0.207	0.587	0	0
TCGA.E9.A1N4.01A	0.61	0.25	0.158	2	1.77	1.86	0.0244	0.226	0.0301	0.0094
TCGA.E9.A1N5.01A	0.57	0.555	0.0442	2	1.91	1.95	0.191	0.364	0.0189	0.00189
TCGA.E9.A1N8.01A	0.92	0.535	0.0383	2	1.77	1.78	0.115	0.42	0.0041	0
TCGA.E9.A1N9.01A	0.67	0.605	0.211	4	3.86	3.91	0.213	0.393	0	0
TCGA.E9.A1NA.01A	0.74	0.592	0.101	2	1.91	1.93	0.25	0.341	0.0326	0
TCGA.E9.A1ND.01A	0.44	0.842	0.21	2	1.8	1.91	0.269	0.573	0.00601	0.138
TCGA.E9.A1NE.01A	0.17	0.462	0.395	2	1.9	1.98	0.174	0.288	0.069	0.0365
TCGA.E9.A1NF.01A	0.56	0.455	0.458	4	4.03	4.02	0.168	0.287	0	0
TCGA.E9.A1NG.01A	0.22	0.0381	0.36	2	1.96	1.99	0	0.0381	0.0137	0
TCGA.E9.A1NH.01A	0.64	0.252	0.278	2	2.06	2.04	0.124	0.129	0.00127	0
TCGA.E9.A1NI.01A	0.78	0.52	0.036	2	1.94	1.95	0.138	0.381	0.0187	0
TCGA.E9.A1QZ.01A	0.56	0.199	0.0152	2	2.01	2	0.0664	0.133	0	0
TCGA.E9.A1R2.01A	0.63	0.436	0.283	2	1.81	1.88	0.0564	0.379	0.0917	0.0141
TCGA.E9.A1R3.01A	0.66	0.421	0.335	4	4.21	4.14	0.242	0.178	0	0
TCGA.E9.A1R4.01A	0.52	0.359	0.155	2	2.08	2.04	0.125	0.234	0.00174	0.0139
TCGA.E9.A1R5.01A	0.7	0.338	0.241	2	2.05	2.03	0.123	0.215	0.0217	0.00722
TCGA.E9.A1R6.01A	0.69	0.7	0.422	4	3.91	3.94	0.21	0.49	0	0
TCGA.E9.A1R7.01A	0.61	0.551	0.151	2	1.92	1.95	0.186	0.366	0.0251	0.0368
TCGA.E9.A1RA.01A	0.16	0.357	0.366	2	1.97	2	0.148	0.209	0.0575	0.0331
TCGA.E9.A1RG.01A	0.67	0.843	0.198	2	2.44	2.29	0.527	0.316	0.0302	0.0483
TCGA.E9.A1RH.01A	0.44	0.738	0.143	2	2.06	2.03	0.301	0.438	0.00186	0.026
TCGA.E9.A1RI.01A	0.54	0.298	0.257	4	3.83	3.91	0.0714	0.227	0	0
TCGA.E9.A243.01A	0.2	0.472	0.448	2	2.24	2.05	0.262	0.209	0.051	0.0528
TCGA.E9.A244.01A	0.6	0.631	0.459	4	3.92	3.95	0.253	0.378	0	0
TCGA.E9.A247.01A	0.93	0.459	0.316	4	3.77	3.78	0.137	0.322	0	0
TCGA.E9.A248.01A	0.18	0.563	0.35	2	2.45	2.08	0.338	0.225	0.0781	0.0149
TCGA.E9.A249.01A	0.81	0.386	0.194	4	4.13	4.11	0.227	0.16	0	0
TCGA.E9.A24A.01A	0.66	0.262	0.149	2	1.99	2	0.0708	0.191	0	0
TCGA.E9.A2JS.01A	0.76	0.693	0.407	4	3.64	3.73	0.159	0.534	0	0
TCGA.E9.A2JT.01A	0.11	0.331	0.837	2	2	2	0.157	0.173	0.175	0.036
TCGA.E9.A3HO.01A	0.84	0.453	0.0691	2	1.93	1.94	0.166	0.287	0.00368	0
TCGA.E9.A3Q9.01A	0.35	0.0206	0.923	2	2.04	2.01	0.0206	0	0	0
TCGA.E9.A3QA.01A	0.24	0.516	0.424	2	1.83	1.96	0.163	0.352	0.13	0.0453
TCGA.E9.A3X8.01A	0.18	0.259	0.51	2	1.83	1.97	0.0434	0.215	0.1	0.0217
TCGA.E9.A54X.01A	0.85	0.503	0.44	4	4.31	4.26	0.294	0.21	0	0
TCGA.E9.A54Y.01A	0.87	0.432	0.191	2	2.18	2.16	0.188	0.245	0.00133	0.0319
TCGA.E9.A5FK.01A	0.09	0.308	0.904	2	2.06	2.01	0.135	0.173	0.24	0.0203
TCGA.E9.A5FL.01A	0.28	0.35	0.171	2	2.13	2.04	0.183	0.167	0.0127	0.00181
TCGA.E9.A5UO.01A	0.93	0.436	0.256	2	1.9	1.91	0.162	0.274	0.103	0
TCGA.E9.A5UP.01A	0.95	0.424	0.185	2	2.1	2.09	0.178	0.246	0.0148	0
TCGA.E9.A6HE.01A	0.6	0.203	0.222	2	1.97	1.98	0.0753	0.128	0.0414	0
TCGA.EW.A1IW.01A	0.2	0.238	0.102	2	1.62	1.92	0.0485	0.189	0.0106	0.00152
TCGA.EW.A1IX.01A	0.99	0.0771	0.0217	2	1.97	1.97	0.00838	0.0687	0	0
TCGA.EW.A1IY.01A	0.42	0.54	0.09	2	2.15	2.06	0.292	0.249	0	0
TCGA.EW.A1IZ.01A	0.24	0.132	0.172	2	1.97	1.99	0.0471	0.0851	0.0213	0
TCGA.EW.A1J1.01A	0.73	0.575	0.152	4	3.84	3.88	0.353	0.223	0	0
TCGA.EW.A1J2.01A	0.23	0.541	0.142	2	2.14	2.03	0.314	0.227	0.0139	0
TCGA.EW.A1J3.01A	0.73	0.449	0.101	2	2.07	2.05	0.145	0.304	0.014	0
TCGA.EW.A1J5.01A	0.84	0.337	0.0516	2	1.99	1.99	0.1	0.237	0	0.00802
TCGA.EW.A1J6.01A	0.76	0.59	0.228	2	1.6	1.69	0.0846	0.506	0.127	0.00577
TCGA.EW.A1OV.01A	0.45	0.321	0.729	4	3.53	3.79	0.0371	0.284	0	0
TCGA.EW.A1OX.01A	0.96	0.294	0.00592	2	2.06	2.06	0.163	0.13	0	0
TCGA.EW.A1OY.01A	0.76	0.78	0.0228	2	1.89	1.92	0.224	0.556	0.00198	0.00396
TCGA.EW.A1OZ.01A	0.92	0.53	0.314	4	3.96	3.96	0.206	0.324	0	0.00294
TCGA.EW.A1P0.01A	0.87	0.382	0.241	2	2.15	2.13	0.208	0.174	0.0153	0.0139
TCGA.EW.A1P1.01A	0.11	0.015	0.778	2	2	2	0	0.015	0.00664	0.00166
TCGA.EW.A1P3.01A	0.2	0.34	0.363	2	2.13	2.03	0.151	0.189	0.0174	0.00145
TCGA.EW.A1P4.01A	0.56	0.75	0.613	4	3.39	3.66	0.145	0.605	0	0
TCGA.EW.A1P5.01A	0.7	0.596	0.0991	4	4.05	4.03	0.279	0.317	0	0
TCGA.EW.A1P6.01A	0.81	0.288	0.144	2	2.09	2.07	0.109	0.179	0.00886	0
TCGA.EW.A1P7.01A	0.54	0.113	0	2	2.01	2	0.0462	0.0671	0	0
TCGA.EW.A1P8.01A	0.67	0.605	0.178	2	1.51	1.67	0.0566	0.549	0.0532	0.0326
TCGA.EW.A1PA.01A	0.65	0.494	0.237	2	1.8	1.87	0.0782	0.416	0.0728	0.0302
TCGA.EW.A1PB.01A	0.27	0.174	0.261	2	2.26	2.07	0.0863	0.0877	0.0117	0
TCGA.EW.A1PC.01B	0.85	0.908	0.323	4	4.38	4.33	0.402	0.506	0	0
TCGA.EW.A1PD.01A	0.58	0.545	0.16	2	1.91	1.95	0.118	0.427	0.0168	0.0437
TCGA.EW.A1PE.01A	0.68	0.198	0.36	4	4	4	0.111	0.0873	0	0
TCGA.EW.A1PG.01A	0.99	0.345	0	2	1.99	2	0.0962	0.249	0	0
TCGA.EW.A1PH.01A	0.76	0.702	0.263	4	4.09	4.07	0.288	0.414	0	0
TCGA.EW.A2FR.01A	0.17	0.392	0.402	2	1.99	2	0.159	0.233	0.0877	0.0322
TCGA.EW.A2FS.01A	0.53	0.45	0.0247	2	1.94	1.97	0.181	0.269	0.00318	0
TCGA.EW.A2FV.01A	0.22	0.265	0.235	2	2.11	2.02	0.0511	0.214	0.0479	0
TCGA.EW.A2FW.01A	0.96	0.227	0.285	4	4.01	4.01	0.0704	0.156	0	0.00117
TCGA.EW.A3E8.01B	0.2	0.291	0.242	2	1.91	1.98	0.144	0.147	0.0359	0.00469
TCGA.EW.A3U0.01A	0.34	0.384	0.348	2	2.3	2.1	0.216	0.168	0.00171	0.0223
TCGA.EW.A423.01A	0.79	0.468	0.0321	2	1.74	1.8	0.0661	0.402	0.0135	0
TCGA.EW.A424.01A	0.93	0.161	0.319	2	1.89	1.9	0.00172	0.16	0.0497	0.00172
TCGA.EW.A6S9.01A	0.7	0.381	0.0377	2	1.93	1.95	0.137	0.245	0.00576	0
TCGA.EW.A6SA.01A	0.96	0.693	0.212	6	5.5	5.52	0.164	0.529	0	0
TCGA.EW.A6SB.01A	0.27	0.476	0.341	2	2.04	2.01	0.239	0.237	0.016	0.082
TCGA.EW.A6SC.01A	0.59	0.286	0.156	2	1.94	1.97	0.111	0.174	0.0148	0
TCGA.EW.A6SD.01A	0.78	0.488	0.0355	2	1.77	1.82	0.0838	0.405	0	0.00289
TCGA.GI.A2C9.01A	0.73	0.736	0.359	4	3.71	3.79	0.248	0.488	0	0
TCGA.GM.A2D9.01A	0.76	0.148	0.436	2	1.97	1.97	0.0471	0.1	0.022	0
TCGA.GM.A2DI.01A	0.17	0.154	0.523	2	1.95	1.99	0.0368	0.117	0.049	0.0105
TCGA.GM.A3NW.01A	0.67	0.301	0.05	2	2.08	2.05	0.173	0.128	0	0
TCGA.GM.A3NY.01A	0.71	0.259	0.0376	2	2.01	2.01	0.105	0.154	0.00975	0
TCGA.GM.A3XG.01A	0.9	0.27	0	2	2	2	0.101	0.17	0	0
TCGA.GM.A3XL.01A	0.66	0.69	0.463	4	3.6	3.73	0.219	0.471	0	0
TCGA.GM.A3XN.01A	0.23	0.595	0.147	2	2.28	2.06	0.397	0.198	0.0136	0
TCGA.GM.A4E0.01A	0.21	0.189	0.272	2	1.91	1.98	0.0568	0.132	0.0421	0.00183
TCGA.GM.A5PV.01A	0.63	0.483	0	2	1.96	1.98	0.206	0.277	0	0
TCGA.GM.A5PX.01A	0.21	0.435	0.201	2	2.06	2.01	0.207	0.228	0.0303	0.00357
TCGA.HN.A2NL.01A	0.86	0.715	0.481	4	3.1	3.23	0.0663	0.649	0	0
TCGA.HN.A2OB.01A	0.23	0.291	0.0328	2	2.01	2	0.145	0.146	0.00159	0
TCGA.JL.A3YW.01A	0.34	0.582	0.201	2	2.11	2.04	0.328	0.254	0	0.0595
TCGA.JL.A3YX.01A	0.7	0.317	0.227	2	2.02	2.01	0.114	0.203	0	0
TCGA.LD.A66U.01A	0.25	0.0949	0.481	2	2.08	2.02	0.0422	0.0527	0.00351	0
TCGA.LD.A74U.01A	0.18	0.385	0.298	2	2.01	2	0.257	0.127	0.0722	0.00314
TCGA.LD.A7W5.01A	0.2	0.362	0.231	2	1.93	1.99	0.112	0.249	0.0547	0.00608
TCGA.LD.A7W6.01A	0.58	0.54	0.0446	2	1.92	1.95	0.124	0.417	0.0189	0
TCGA.LD.A9QF.01A	0.14	0.356	0.716	2	1.92	1.99	0.151	0.205	0.139	0.0788
TCGA.LL.A440.01A	0.11	0.216	0.781	2	1.99	2	0.0878	0.128	0.098	0.0338
TCGA.LL.A441.01A	0.19	0.397	0.398	2	1.87	1.97	0.117	0.28	0.0829	0.0276
TCGA.LL.A442.01A	0.97	0.00592	0	2	2	2	0	0.00592	0	0
TCGA.LL.A50Y.01A	0.79	0.324	0.0882	2	2.01	2.01	0.139	0.185	0.00954	0
TCGA.LL.A5YL.01A	0.6	0.536	0.044	2	1.97	1.98	0.282	0.255	0	0.0118
TCGA.LL.A5YM.01A	0.77	0.852	0.281	4	3.73	3.79	0.434	0.418	0	0
TCGA.LL.A5YN.01A	0.23	0.553	0.374	2	2.38	2.09	0.405	0.148	0.0749	0.00713
TCGA.LL.A5YO.01A	0.12	0.441	0.59	2	2.15	2.02	0.225	0.216	0.157	0.0285
TCGA.LL.A5YP.01A	0.59	0.767	0.455	4	3.72	3.83	0.248	0.519	0	0
TCGA.LL.A6FP.01A	0.93	0.623	0.175	4	3.74	3.76	0.118	0.505	0	0.0282
TCGA.LL.A6FQ.01A	0.87	0.236	0.223	2	1.9	1.92	0.0195	0.216	0.0526	0
TCGA.LL.A6FR.01A	0.63	0.67	0.328	4	3.85	3.91	0.195	0.475	0	0
TCGA.LL.A73Y.01A	0.54	0.569	0.218	2	2.24	2.13	0.237	0.332	0	0.0323
TCGA.LL.A73Z.01A	0.15	0.569	0.582	2	2.07	2.01	0.191	0.378	0.182	0.0418
TCGA.LL.A740.01A	0.9	0.078	0.069	2	2	2	0.0296	0.0484	0	0
TCGA.LL.A7SZ.01A	0.37	0.487	0.221	2	2.37	2.14	0.384	0.102	0	0.0403
TCGA.LL.A7T0.01A	0.78	0.515	0.349	4	3.79	3.83	0.182	0.332	0	0
TCGA.LL.A8F5.01A	0.66	0.79	0.509	4	3.58	3.72	0.243	0.548	0	0
TCGA.LL.A9Q3.01A	0.63	0.524	0.283	2	2.24	2.15	0.358	0.166	0	0.0192
TCGA.LQ.A4E4.01A	0.85	0.301	0.262	2	1.86	1.88	0.0892	0.212	0.0768	0
TCGA.MS.A51U.01A	0.6	0.177	0	2	2	2	0.0412	0.135	0	0
TCGA.OK.A5Q2.01A	0.15	0.294	0.32	2	2.03	2	0.12	0.174	0.0594	0.00435
TCGA.OL.A5D6.01A	0.34	0.408	0.0243	2	2.06	2.02	0.325	0.0825	0.00165	0
TCGA.OL.A5D7.01A	0.58	0.531	0.0954	2	1.94	1.96	0.185	0.346	0.00434	0.013
TCGA.OL.A5D8.01A	0.71	0.501	0.0683	2	2.05	2.04	0.216	0.285	0.00901	0.00721
TCGA.OL.A5RU.01A	0.48	0.208	0.225	2	2.07	2.03	0.114	0.0935	0	0.0104
TCGA.OL.A5RV.01A	0.15	0.401	0.409	2	2.08	2.01	0.154	0.247	0.0856	0.0154
TCGA.OL.A5RW.01A	0.84	0.776	0.0714	2	1.76	1.8	0.227	0.549	0.0104	0.00173
TCGA.OL.A5RX.01A	0.21	0.223	0.422	2	2.18	2.04	0.0939	0.129	0.0258	0
TCGA.OL.A5RY.01A	0.11	0.496	0.824	2	1.99	2	0.269	0.226	0.324	0.0309
TCGA.OL.A5RZ.01A	0.94	0.527	0.2	4	4.06	4.05	0.243	0.284	0	0
TCGA.OL.A5S0.01A	0.57	0.653	0.4	4	3.84	3.91	0.223	0.429	0	0
TCGA.OL.A66H.01A	0.13	0.428	0.651	2	2.19	2.02	0.207	0.221	0.147	0.0445
TCGA.OL.A66I.01A	0.24	0.207	0.325	2	2.08	2.02	0.0575	0.149	0.0233	0
TCGA.OL.A66J.01A	0.56	0.489	0.0226	2	1.94	1.97	0.303	0.186	0.0111	0
TCGA.OL.A66K.01A	0.55	0.515	0.312	4	4.08	4.04	0.262	0.253	0	0
TCGA.OL.A66L.01A	0.61	0.0919	0.0328	2	1.92	1.95	0	0.0919	0	0.00301
TCGA.OL.A66N.01A	0.56	0.45	0.453	4	3.78	3.88	0.107	0.343	0	0
TCGA.OL.A66O.01A	0.88	0.175	0.188	2	1.94	1.94	0.0415	0.133	0.0329	0
TCGA.OL.A66P.01A	0.2	0.332	0.26	2	2.01	2	0.117	0.215	0.0423	0.00813
TCGA.OL.A6VO.01A	0.75	0.75	0.178	2	1.84	1.88	0.182	0.568	0.0148	0.0675
TCGA.OL.A6VQ.01A	0.31	0.249	0.286	2	1.97	1.99	0.105	0.144	0.0296	0
TCGA.OL.A6VR.01A	0.77	0.234	0.25	2	2.05	2.04	0.127	0.106	0.0329	0
TCGA.OL.A97C.01A	0.7	0.323	0.25	2	2.21	2.14	0.234	0.0896	0.00351	0.0141
TCGA.PE.A5DC.01A	0.63	0.611	0.142	2	1.74	1.83	0.087	0.524	0.0696	0.00193
TCGA.PE.A5DD.01A	0.68	0.375	0.0797	2	1.82	1.88	0.106	0.269	0.0299	0
TCGA.PE.A5DE.01A	0.42	0.278	0.0783	2	2.09	2.04	0.196	0.0821	0	0
TCGA.PL.A8LV.01A	0.65	0.684	0.528	4	3.33	3.57	0.138	0.546	0	0
TCGA.PL.A8LX.01A	0.71	0.506	0.479	4	3.66	3.76	0.117	0.388	0	0
TCGA.PL.A8LY.01A	0.14	0.0778	0.419	2	1.99	2	0.0127	0.0651	0.0145	0.00904
TCGA.PL.A8LZ.01A	0.25	0.366	0.547	2	2.22	2.05	0.19	0.176	0.0276	0.0484
TCGA.S3.A6ZF.01A	0.7	0.49	0.115	2	1.97	1.98	0.159	0.331	0.00341	0.00512
TCGA.S3.A6ZG.01A	0.82	0.464	0.155	4	3.9	3.92	0.126	0.338	0	0
TCGA.S3.A6ZH.01A	0.88	0.332	0.533	4	3.85	3.87	0.0885	0.243	0	0
TCGA.S3.AA0Z.01A	0.78	0.72	0.163	2	2.13	2.1	0.25	0.47	0.0213	0.0567
TCGA.S3.AA10.01A	0.49	0.687	0.202	2	1.84	1.92	0.198	0.489	0.0142	0.0623
TCGA.S3.AA11.01A	0.58	0.232	0.115	2	2.02	2.01	0.113	0.119	0.00708	0
TCGA.S3.AA12.01A	0.97	0.2	0.219	2	2.03	2.03	0.076	0.124	0.0342	0
TCGA.S3.AA14.01A	0.63	0.266	0.0552	2	1.81	1.88	0.0586	0.207	0.0128	0
TCGA.S3.AA15.01A	0.96	0.236	0	2	2	2	0.115	0.121	0	0
TCGA.S3.AA17.01A	0.52	0.585	0.351	4	3.86	3.93	0.243	0.342	0	0
TCGA.UL.AAZ6.01A	0.94	0.681	0.368	4	3.28	3.32	0.0755	0.606	0	0
TCGA.UU.A93S.01A	0.74	0.637	0.123	2	1.96	1.97	0.177	0.461	0.00922	0.00307
TCGA.V7.A7HQ.01A	0.69	0.302	0.0618	2	2.02	2.01	0.136	0.166	0.0017	0
TCGA.W8.A86G.01A	0.46	0.364	0.12	2	2.09	2.04	0.218	0.147	0.0257	0
TCGA.WT.AB41.01A	0.46	0.377	0.172	2	1.86	1.94	0.0911	0.285	0.035	0
TCGA.WT.AB44.01A	0.78	0.296	0.233	2	1.95	1.96	0.0704	0.225	0.0361	0
TCGA.XX.A899.01A	0.2	0.299	0.307	2	2.17	2.03	0.207	0.092	0.0372	0.0137
TCGA.XX.A89A.01A	0.52	0.31	0.895	4	3.56	3.77	0.00766	0.303	0	0
TCGA.Z7.A8R5.01A	0.19	0.0664	0.216	2	1.99	2	0.00898	0.0575	0.00539	0.0018
TCGA.Z7.A8R6.01A	0.8	0.54	0.0657	2	2.18	2.15	0.333	0.207	0.0178	0.0138
