sampleid	purity	PC	PoP	Euploidy	pl.tumor	pl.overall	%amp	%del	%del.loh	%cn.loh
TCGA.2A.A8VL.01A	0.99	0.339	0	2	1.99	1.99	0.179	0.16	0	0
TCGA.2A.A8VO.01A	0.53	0.254	0.0526	2	1.99	1.99	0.132	0.122	0.0134	0
TCGA.2A.A8VT.01A	0.76	0.179	0.0565	2	1.89	1.91	0.00868	0.171	0.0101	0
TCGA.2A.A8VV.01A	0.99	0.0219	0	2	2	2	0.00346	0.0185	0	0
TCGA.2A.A8VX.01A	0.94	0.246	0.0534	2	1.99	1.99	0.107	0.139	0.0132	0
TCGA.2A.A8W1.01A	0.92	0.0996	0.0714	2	1.99	1.99	0.032	0.0676	0.00712	0
TCGA.2A.A8W3.01A	0.2	0.457	0.282	2	2	2	0.303	0.153	0.0423	0.00705
TCGA.2A.AAYF.01A	0.88	0.0293	0.158	2	1.97	1.98	0	0.0293	0.00463	0
TCGA.2A.AAYO.01A	0.73	0.165	0.01	2	1.97	1.98	0.0644	0.101	0.00165	0
TCGA.2A.AAYU.01A	0.84	0.112	0.127	2	1.96	1.97	0.0214	0.0911	0.0143	0
TCGA.4L.AA1F.01A	0.36	0.328	0.4	4	3.76	3.91	0.0694	0.258	0	0
TCGA.CH.5767.01A	0.84	0.0996	0.327	2	1.97	1.97	0.0386	0.061	0.0244	0
TCGA.EJ.7115.01A	0.51	0.154	0	2	1.94	1.97	0.0424	0.112	0	0
TCGA.EJ.7123.01A	0.29	0.278	0.213	2	1.98	1.99	0.174	0.105	0.0355	0
TCGA.EJ.7125.01A	0.63	0.0116	0	2	2	2	0.00662	0.00497	0	0
TCGA.EJ.7218.01B	0.29	0.206	0.00935	2	1.95	1.99	0.106	0.1	0.00192	0
TCGA.EJ.7312.01B	0.78	0.141	0.172	2	1.88	1.91	0.00908	0.132	0.0242	0
TCGA.EJ.7314.01A	0.61	0.273	0.00606	2	1.97	1.98	0.096	0.177	0.00166	0
TCGA.EJ.7315.01A	0.6	0.225	0.015	2	1.92	1.95	0.0778	0.147	0.00338	0
TCGA.EJ.7317.01A	0.67	0.187	0.00962	2	1.98	1.99	0.0865	0.101	0.0018	0
TCGA.EJ.7318.01B	0.19	0.0229	0	2	1.98	2	0.00528	0.0176	0	0
TCGA.EJ.7321.01A	0.2	0.251	0.209	2	1.92	1.98	0.122	0.129	0.0288	0.00847
TCGA.EJ.7325.01B	0.85	0.0723	0.317	2	1.94	1.95	0.0106	0.0617	0.0229	0
TCGA.EJ.7327.01A	0.49	0.0305	0.125	2	1.99	1.99	0.0019	0.0286	0.00381	0
TCGA.EJ.7328.01A	0.22	0.16	0.141	2	2	2	0.0972	0.0625	0.0156	0
TCGA.EJ.7330.01A	0.24	0.251	0.252	2	2.04	2.01	0.156	0.095	0.0149	0.00372
TCGA.EJ.7331.01A	0.17	0.237	0.364	2	1.99	2	0.139	0.0972	0.0275	0.00734
TCGA.EJ.7781.01A	0.61	0.337	0.0104	2	1.98	1.99	0.173	0.164	0.00349	0
TCGA.EJ.7782.01A	0.73	0.203	0.0305	2	1.93	1.95	0.0713	0.132	0.0062	0
TCGA.EJ.7783.01A	0.19	0.332	0.304	2	1.92	1.98	0.146	0.186	0.0521	0.00868
TCGA.EJ.7784.01A	0.84	0.2	0.168	2	2.04	2.03	0.0923	0.107	0.00503	0
TCGA.EJ.7785.01A	0.22	0.255	0.105	2	1.98	2	0.144	0.111	0.0134	0
TCGA.EJ.7786.01A	0.24	0.064	0.222	2	1.89	1.97	0.00569	0.0583	0.00996	0
TCGA.EJ.7788.01A	0.72	0.145	0.092	2	1.96	1.97	0.03	0.115	0.0133	0
TCGA.EJ.7789.01A	0.95	0.507	0.0522	2	2.2	2.19	0.34	0.166	0.0113	0.00189
TCGA.EJ.7791.01A	0.14	0.0454	0.655	2	1.99	2	0.0203	0.025	0.0141	0.00782
TCGA.EJ.7792.01A	0.35	0.116	0.133	2	2.02	2.01	0.0638	0.0522	0.00387	0
TCGA.EJ.7793.01A	0.17	0.0236	0.308	2	2	2	0.00181	0.0218	0	0.00363
TCGA.EJ.7794.01A	0.72	0.103	0	2	2	2	0.069	0.0345	0	0
TCGA.EJ.7797.01A	0.16	0.0874	0.5	2	1.99	2	0.0419	0.0455	0.0219	0.0128
TCGA.EJ.8468.01A	0.2	0.0652	0.0714	2	1.89	1.98	0.00932	0.0559	0.00155	0
TCGA.EJ.8469.01A	0.81	0.234	0.242	2	2	2	0.0833	0.151	0.0252	0
TCGA.EJ.8470.01A	0.22	0.169	0.161	2	1.95	1.99	0.0961	0.0732	0.0172	0
TCGA.EJ.8472.01A	0.75	0.482	0.184	4	3.97	3.98	0.33	0.153	0	0
TCGA.EJ.8474.01A	0.2	0.0397	0.348	2	1.97	1.99	0.00345	0.0363	0.0121	0.00173
TCGA.EJ.A46B.01A	0.89	0.117	0	2	2	2	0.0608	0.0557	0	0
TCGA.EJ.A46D.01A	0.15	0.274	0.493	2	1.97	2	0.139	0.135	0.0638	0.0206
TCGA.EJ.A46E.01A	0.66	0.123	0	2	2	2	0.0636	0.0598	0	0
TCGA.EJ.A46G.01A	0.55	0.331	0.144	2	2.1	2.05	0.148	0.184	0	0
TCGA.EJ.A46H.01A	0.61	0.527	0	2	1.99	1.99	0.251	0.276	0	0
TCGA.EJ.A46I.01A	0.67	0.561	0	2	1.99	2	0.284	0.276	0	0
TCGA.EJ.A65B.01A	0.21	0.423	0.183	2	1.94	1.99	0.226	0.197	0.046	0
TCGA.EJ.A65D.01A	0.99	0.0668	0.135	2	1.99	1.99	0.0361	0.0307	0.00903	0
TCGA.EJ.A65E.01A	0.59	0.294	0.0292	2	1.96	1.97	0.124	0.17	0.00861	0
TCGA.EJ.A65F.01A	0.68	0.327	0.0604	2	1.95	1.96	0.045	0.282	0.0198	0
TCGA.EJ.A65G.01A	0.17	0.0265	0.214	2	1.99	2	0	0.0265	0.00379	0.00189
TCGA.EJ.A65J.01A	0.9	0.0717	0.375	2	2	2	0.0269	0.0448	0.0269	0
TCGA.EJ.A65M.01A	0.46	0.275	0.025	2	1.95	1.98	0.0947	0.181	0.00516	0
TCGA.EJ.A6RA.01A	0.82	0.12	0	2	2	2	0.0496	0.0708	0	0
TCGA.EJ.A6RC.01A	0.16	0.00367	0.5	2	2	2	0	0.00367	0.00183	0
TCGA.EJ.A7NF.01A	0.77	0.256	0.0263	2	1.97	1.98	0.11	0.147	0.00675	0
TCGA.EJ.A7NG.01A	0.65	0.351	0	2	2	2	0.158	0.193	0	0
TCGA.EJ.A7NH.01A	0.28	0.12	0.154	2	1.98	1.99	0.0552	0.0645	0.0129	0
TCGA.EJ.A7NJ.01A	0.66	0.104	0	2	2	2	0.0614	0.0421	0	0
TCGA.EJ.A7NK.01A	0.12	0.0807	0.744	2	1.99	2	0.0206	0.06	0.0281	0.00938
TCGA.EJ.A7NM.01A	0.58	0.24	0	2	1.95	1.97	0.0928	0.147	0	0
TCGA.EJ.A8FN.01A	0.63	0.155	0.173	2	2.03	2.02	0.0979	0.0576	0	0
TCGA.EJ.A8FO.01A	0.56	0.551	0	2	2.01	2	0.335	0.215	0	0
TCGA.EJ.A8FP.01A	0.24	0.038	0	2	2	2	0.00362	0.0344	0	0
TCGA.EJ.A8FS.01A	0.82	0.154	0.225	2	1.92	1.94	0.0423	0.112	0.0346	0
TCGA.EJ.A8FU.01A	0.51	0.0153	0.0909	2	2	2	0.00833	0.00694	0	0.00139
TCGA.EJ.AB20.01A	0.15	0.222	0.539	2	2.13	2.02	0.0832	0.139	0.0312	0.0277
TCGA.EJ.AB27.01A	0.17	0.0888	0.28	2	1.99	2	0.0409	0.048	0.0142	0.00355
TCGA.FC.7708.01A	0.14	0.163	0.5	2	1.96	1.99	0.078	0.0851	0.0514	0.0177
TCGA.FC.7961.01A	0.47	0.438	0.626	4	3.65	3.84	0.108	0.33	0	0
TCGA.FC.A4JI.01A	0.78	0.507	0.304	4	3.96	3.97	0.204	0.303	0	0
TCGA.FC.A5OB.01A	0.82	0.12	0	2	1.97	1.97	0.0476	0.0724	0	0
TCGA.FC.A66V.01A	0.62	0.442	0	2	2	2	0.225	0.216	0	0
TCGA.FC.A6HD.01A	0.82	0.122	0.0476	2	1.99	1.99	0.058	0.0638	0.0058	0
TCGA.FC.A8O0.01A	0.99	0.0425	0	2	2	2	0.0119	0.0306	0	0
TCGA.G9.6329.01A	0.18	0.357	0.339	2	1.94	1.99	0.191	0.165	0.0589	0.018
TCGA.G9.6332.01A	0.81	0.135	0.145	2	1.94	1.95	0.0373	0.098	0.0196	0
TCGA.G9.6333.01A	0.28	0.0219	0.467	2	1.98	1.99	0	0.0219	0.0102	0
TCGA.G9.6336.01A	0.62	0.0274	0	2	2	2	0	0.0274	0	0
TCGA.G9.6338.01A	0.76	0.345	0.0082	2	1.94	1.95	0.112	0.233	0.00282	0
TCGA.G9.6339.01A	0.43	0.0431	0.0417	2	1.96	1.98	0	0.0431	0.0018	0
TCGA.G9.6342.01A	0.26	0.0708	0.0789	2	1.92	1.98	0.0223	0.0484	0.00372	0
TCGA.G9.6343.01A	0.59	0.0704	0	2	1.99	1.99	0.0176	0.0528	0	0
TCGA.G9.6347.01A	0.77	0.206	0	2	2	2	0.123	0.0836	0	0
TCGA.G9.6348.01A	0.3	0.0335	0.111	2	1.98	1.99	0.00372	0.0298	0.00372	0
TCGA.G9.6351.01A	0.25	0.28	0.078	2	1.96	1.99	0.159	0.121	0.0159	0
TCGA.G9.6353.01A	0.51	0.094	0.0548	2	2	2	0.0219	0.0721	0	0.00515
TCGA.G9.6354.01A	0.58	0.32	0.0482	2	1.96	1.98	0.222	0.0985	0.0154	0
TCGA.G9.6356.01A	0.18	0.0302	0.529	2	1.97	1.99	0.00178	0.0285	0.0142	0
TCGA.G9.6361.01A	0.7	0.117	0.0845	2	1.94	1.96	0.0264	0.0908	0.0099	0
TCGA.G9.6362.01A	0.87	0.11	0.107	2	2	2	0.0611	0.0493	0.0118	0
TCGA.G9.6363.01A	0.43	0.183	0.154	2	1.99	2	0.0944	0.0884	0.0281	0
TCGA.G9.6364.01A	0.55	0.11	0.0185	2	1.95	1.98	0.0406	0.069	0.00203	0
TCGA.G9.6365.01A	0.51	0.0892	0.0714	2	1.98	1.99	0.0212	0.0679	0.00637	0
TCGA.G9.6366.01A	0.62	0.237	0.156	2	2.05	2.03	0.0861	0.151	0.00879	0
TCGA.G9.6367.01A	0.63	0.111	0	2	2	2	0.0441	0.0672	0	0
TCGA.G9.6369.01A	0.85	0.152	0	2	1.94	1.95	0.0592	0.0927	0	0
TCGA.G9.6370.01A	0.9	0.171	0	2	2	2	0.0835	0.0875	0	0
TCGA.G9.6371.01A	0.25	0.182	0.198	2	1.98	1.99	0.0521	0.13	0.022	0
TCGA.G9.6373.01A	0.67	0.42	0.0813	2	2	2	0.229	0.191	0.00201	0
TCGA.G9.6377.01A	0.21	0.305	0.203	2	1.88	1.98	0.156	0.15	0.0317	0.00144
TCGA.G9.6378.01A	0.22	0.157	0.167	2	1.94	1.99	0.071	0.086	0.0168	0
TCGA.G9.6379.01A	0.26	0.072	0.132	2	1.97	1.99	0.0152	0.0568	0.00758	0
TCGA.G9.6384.01A	0.22	0.189	0.146	2	1.99	2	0.132	0.0568	0.0165	0
TCGA.G9.6385.01A	0.41	0.00189	0	2	2	2	0.00189	0	0	0
TCGA.G9.6494.01A	0.5	0.157	0.0633	2	1.95	1.98	0.0496	0.107	0	0
TCGA.G9.6496.01A	0.86	0.151	0.28	2	1.99	1.99	0.0605	0.0907	0.0363	0
TCGA.G9.6498.01A	0.61	0.0191	0.1	2	1.99	1.99	0.00956	0.00956	0.00191	0
TCGA.G9.6499.01A	0.19	0.35	0.628	2	1.88	1.98	0.0643	0.286	0.17	0.00714
TCGA.G9.7509.01A	0.17	0.0237	0.125	2	1.97	1.99	0.00148	0.0222	0.00296	0
TCGA.G9.7510.01A	0.18	0.0719	0.349	2	1.95	1.99	0.00669	0.0652	0.0217	0.00167
TCGA.G9.7521.01A	0.23	0.238	0.255	2	1.89	1.98	0.051	0.187	0.0287	0
TCGA.G9.7522.01A	0.99	0.164	0	2	2	2	0.0847	0.0792	0	0
TCGA.G9.7523.01A	0.19	0.0401	0.6	2	1.97	1.99	0	0.0401	0.024	0
TCGA.G9.7525.01A	0.67	0.169	0	2	2	2	0.0706	0.0981	0	0
TCGA.G9.A9S0.01A	0.52	0.42	0.019	2	1.92	1.96	0.192	0.228	0.006	0
TCGA.G9.A9S7.01A	0.58	0.257	0.0145	2	1.96	1.97	0.123	0.134	0.00373	0
TCGA.H9.7775.01A	0.8	0.041	0.208	2	1.96	1.97	0.00171	0.0393	0.00855	0
TCGA.H9.A6BX.01A	0.68	0.0526	0	2	2	2	0	0.0526	0	0
TCGA.H9.A6BY.01A	0.75	0.205	0.0161	2	1.98	1.99	0.096	0.109	0.00331	0
TCGA.HC.7075.01A	0.77	0.0483	0	2	1.99	2	0.026	0.0223	0	0
TCGA.HC.7078.01A	0.68	0.271	0.11	2	1.93	1.95	0.0916	0.179	0.00199	0.00797
TCGA.HC.7079.01A	0.77	0.531	0	2	1.99	1.99	0.251	0.28	0	0
TCGA.HC.7080.01A	0.92	0.107	0.391	2	1.9	1.91	0.00155	0.105	0.0419	0
TCGA.HC.7081.01A	0.5	0.116	0.0167	2	1.97	1.99	0.0543	0.062	0.00194	0
TCGA.HC.7209.01A	0.51	0.128	0.0781	2	1.95	1.98	0.0621	0.0661	0.01	0
TCGA.HC.7210.01A	0.22	0.0478	0.0357	2	1.94	1.99	0.00512	0.0427	0.00171	0
TCGA.HC.7211.01A	0.7	0.07	0.0682	2	1.93	1.95	0	0.07	0.00477	0
TCGA.HC.7212.01A	0.72	0.454	0.00803	2	1.94	1.96	0.288	0.166	0.00364	0
TCGA.HC.7213.01A	0.81	0.357	0.0791	4	3.76	3.8	0.0645	0.292	0	0
TCGA.HC.7230.01A	0.86	0.0682	0.385	2	1.94	1.95	0	0.0682	0.0262	0
TCGA.HC.7231.01A	0.68	0.283	0.00654	2	1.97	1.98	0.13	0.154	0.00185	0
TCGA.HC.7232.01A	0.53	0.131	0.0143	2	1.92	1.96	0.0393	0.0916	0.00187	0
TCGA.HC.7233.01A	0.12	0.116	0.727	2	2.01	2	0.0792	0.037	0.0475	0.0141
TCGA.HC.7737.01A	0.21	0.191	0.313	2	1.95	1.99	0.0914	0.0997	0.0415	0.00498
TCGA.HC.7738.01A	0.59	0.273	0.0333	2	1.97	1.98	0.118	0.155	0.00909	0
TCGA.HC.7740.01A	0.16	0.0673	0.512	2	1.98	2	0.0141	0.0532	0.0156	0.011
TCGA.HC.7740.01B	0.15	0.177	0.124	2	1.99	2	0.0829	0.0939	0.00939	0.00313
TCGA.HC.7742.01A	0.66	0.208	0.138	2	1.96	1.97	0.0634	0.145	0	0
TCGA.HC.7745.01A	0.19	0.272	0.255	2	2.03	2.01	0.155	0.117	0.0267	0.0089
TCGA.HC.7747.01A	0.66	0.0463	0	2	1.99	1.99	0	0.0463	0	0
TCGA.HC.7748.01A	0.99	0.0475	0	2	1.99	1.99	0.00593	0.0415	0	0
TCGA.HC.7752.01A	0.93	0.0843	0.0698	2	1.99	1.99	0.0529	0.0314	0.00588	0
TCGA.HC.7817.01B	0.19	0.0214	0.455	2	1.98	2	0.00194	0.0194	0.00971	0
TCGA.HC.7818.01A	0.55	0.218	0	2	1.99	2	0.072	0.146	0	0
TCGA.HC.7819.01A	0.86	0.123	0.147	2	1.96	1.96	0.0415	0.0812	0.0181	0
TCGA.HC.7820.01A	0.18	0.252	0.349	2	1.9	1.98	0.11	0.142	0.0389	0.0118
TCGA.HC.7821.01A	0.77	0.312	0.0347	2	1.88	1.91	0.0884	0.224	0.0108	0
TCGA.HC.8213.01A	0.78	0.398	0	2	1.99	1.99	0.187	0.21	0	0
TCGA.HC.8216.01A	0.37	0.511	0.426	4	3.78	3.92	0.132	0.379	0	0
TCGA.HC.8256.01A	0.55	0.206	0.037	2	2.01	2.01	0.133	0.0724	0.00762	0
TCGA.HC.8257.01A	0.72	0.092	0.082	2	1.93	1.95	0.00302	0.089	0.00754	0
TCGA.HC.8258.01A	0.99	0.122	0	2	2	2	0.067	0.0553	0	0
TCGA.HC.8258.01B	0.18	0.31	0.0486	2	1.8	1.96	0.122	0.188	0.0117	0
TCGA.HC.8259.01A	0.86	0.0385	0.0909	2	1.99	2	0.00876	0.0298	0.0035	0
TCGA.HC.8260.01A	0.14	0.193	0.548	2	2	2	0.1	0.0928	0.0464	0.0148
TCGA.HC.8261.01A	0.71	0.0373	0.0417	2	1.98	1.98	0.00933	0.028	0.00156	0
TCGA.HC.8261.01B	0.16	0.339	0.147	2	1.98	2	0.171	0.168	0.0233	0
TCGA.HC.8262.01A	0.47	0.254	0.0299	2	1.97	1.99	0.161	0.0928	0.00758	0
TCGA.HC.8264.01B	0.63	0.432	0.0329	2	1.98	1.99	0.206	0.226	0.00178	0
TCGA.HC.8265.01A	0.65	0.283	0.0316	2	2.02	2.02	0.136	0.147	0.00179	0
TCGA.HC.8265.01B	0.12	0.229	0.43	2	2.01	2	0.1	0.129	0.0556	0.0125
TCGA.HC.8266.01A	0.17	0.267	0.464	2	2.1	2.02	0.143	0.124	0.0502	0.00739
TCGA.HC.A48F.01A	0.92	0.319	0.24	2	1.82	1.83	0.057	0.262	0.0766	0
TCGA.HC.A4ZV.01A	0.61	0.53	0.113	2	1.89	1.93	0.137	0.393	0.024	0.00172
TCGA.HC.A631.01A	0.84	0.178	0.0101	2	1.94	1.95	0.0667	0.112	0.0018	0
TCGA.HC.A632.01A	0.72	0.289	0.264	4	3.67	3.76	0.0683	0.221	0	0
TCGA.HC.A6AL.01A	0.66	0.207	0	2	1.98	1.99	0.0925	0.115	0	0
TCGA.HC.A6AN.01A	0.66	0.192	0.0531	2	1.91	1.94	0.0543	0.138	0.0102	0
TCGA.HC.A6AO.01A	0.75	0.24	0.145	2	1.99	1.99	0.0997	0.14	0.00145	0
TCGA.HC.A6AP.01A	0.73	0.134	0	2	1.99	1.99	0.0354	0.099	0	0
TCGA.HC.A6AQ.01A	0.15	0.0753	0.405	2	1.99	2	0.0502	0.0251	0.0143	0.00358
TCGA.HC.A6AS.01A	0.13	0.615	0.698	2	1.96	2	0.297	0.318	0.26	0.0816
TCGA.HC.A6HX.01A	0.99	0.0968	0	2	2	2	0.0419	0.0548	0	0
TCGA.HC.A6HY.01A	0.65	0.173	0.0737	2	1.95	1.96	0.0675	0.106	0.0128	0
TCGA.HC.A76W.01A	0.61	0.332	0.017	2	1.98	1.99	0.147	0.185	0.00566	0
TCGA.HC.A76X.01A	0.65	0.225	0	2	1.99	1.99	0.0922	0.133	0	0
TCGA.HC.A8CY.01A	0.84	0.299	0.0278	2	2.07	2.06	0.158	0.141	0.00664	0
TCGA.HC.A8D0.01A	0.17	0.0793	0.442	2	1.97	1.99	0.0295	0.0498	0.0203	0.00738
TCGA.HC.A8D1.01A	0.5	0.115	0	2	2	2	0.054	0.0613	0	0
TCGA.HC.A9TE.01A	0.61	0.44	0.45	4	3.74	3.84	0.0838	0.356	0	0
TCGA.HC.A9TH.01A	0.61	0.118	0	2	1.9	1.94	0.0113	0.107	0	0
TCGA.HI.7168.01A	0.71	0.442	0.364	4	3.53	3.66	0.0361	0.406	0	0
TCGA.HI.7169.01A	0.14	0.0682	0.605	2	2	2	0.0323	0.0359	0.0197	0.00539
TCGA.HI.7170.01A	0.54	0.103	0.05	2	1.97	1.98	0.0462	0.0564	0.00513	0
TCGA.HI.7171.01A	0.91	0.271	0.221	4	3.8	3.82	0.0838	0.188	0	0
TCGA.J4.8198.01A	0.64	0.237	0.0156	2	2.03	2.02	0.111	0.126	0.0037	0
TCGA.J4.8200.01A	0.2	0.0989	0.343	2	2.03	2.01	0.0494	0.0494	0.00706	0.00424
TCGA.J4.A67K.01A	0.99	0.304	0	2	1.99	1.99	0.151	0.153	0	0
TCGA.J4.A67L.01A	0.21	0.154	0.196	2	1.94	1.99	0.0536	0.101	0.0184	0.00168
TCGA.J4.A67M.01A	0.2	0.221	0.198	2	2.01	2	0.139	0.0819	0.0171	0.00571
TCGA.J4.A67N.01A	0.72	0.844	0.0624	4	3.91	3.94	0.692	0.152	0	0
TCGA.J4.A67O.01A	0.17	0.0952	0.382	2	1.98	2	0.045	0.0502	0.0173	0.00692
TCGA.J4.A67Q.01A	0.1	0.338	0.849	2	2.01	2	0.193	0.145	0.196	0.0511
TCGA.J4.A67R.01A	0.05	0.0335	1	2	2.02	2	0.0299	0.00352	0.0123	0.0282
TCGA.J4.A67S.01A	0.38	0.359	0.0265	2	1.95	1.98	0.241	0.118	0.0057	0
TCGA.J4.A67T.01A	0.41	0.0163	0.111	2	2	2	0	0.0163	0.00181	0
TCGA.J4.A6G1.01A	0.13	0.0153	0.667	2	2	2	0.00511	0.0102	0.00341	0
TCGA.J4.A6G3.01A	0.18	0.189	0.155	2	1.99	2	0.105	0.0838	0.00585	0.0039
TCGA.J4.A6M7.01A	0.87	0.137	0.0135	2	1.99	1.99	0.0406	0.0959	0.00185	0
TCGA.J4.A83I.01A	0.79	0.115	0	2	1.89	1.91	0.00577	0.11	0	0
TCGA.J4.A83J.01A	0.57	0.151	0.175	2	1.87	1.93	0.0189	0.132	0.0265	0
TCGA.J4.A83K.01A	0.8	0.394	0	2	2	2	0.208	0.186	0	0
TCGA.J4.A83L.01A	0.15	0.0321	0.35	2	1.99	2	0.0112	0.0208	0.00801	0
TCGA.J4.A83M.01A	0.97	0.0117	0.125	2	1.99	2	0.00146	0.0102	0	0.00146
TCGA.J4.A83N.01A	0.52	0.15	0.0122	2	1.95	1.97	0.0569	0.0936	0.00183	0
TCGA.J4.AATV.01A	0.55	0.0207	0	2	2	2	0	0.0207	0	0
TCGA.J4.AATZ.01A	0.73	0.248	0.00637	2	1.98	1.99	0.0775	0.171	0.00158	0
TCGA.J4.AAU2.01A	0.85	0.0914	0	2	2	2	0.051	0.0404	0	0
TCGA.J9.A52B.01A	0.77	0.26	0.0127	2	1.89	1.91	0.0116	0.249	0.00332	0
TCGA.J9.A52C.01A	0.14	0.39	0.679	2	2	2	0.239	0.152	0.125	0.0453
TCGA.J9.A52E.01A	0.2	0.479	0.207	2	2.04	2.01	0.228	0.251	0.0132	0
TCGA.J9.A8CK.01A	0.53	0.291	0.0132	2	1.94	1.97	0.109	0.182	0.00382	0
TCGA.J9.A8CL.01A	0.75	0.27	0.112	2	1.96	1.97	0.0851	0.184	0.0124	0
TCGA.J9.A8CM.01A	0.64	0.455	0.0763	2	1.91	1.94	0.0512	0.404	0.0165	0.0183
TCGA.J9.A8CN.01A	0.88	0.225	0.0403	2	1.97	1.97	0.0889	0.136	0.00363	0
TCGA.J9.A8CP.01A	0.57	0.392	0.0651	2	1.92	1.96	0.197	0.195	0.0146	0
TCGA.KC.A4BL.01A	0.07	0.408	0.996	2	2.02	2	0.223	0.185	0.293	0.132
TCGA.KC.A4BN.01A	0.75	0.285	0	2	2	2	0.147	0.138	0	0
TCGA.KC.A4BO.01A	0.89	0.217	0	2	2	2	0.0939	0.123	0	0
TCGA.KC.A4BR.01A	0.62	0.362	0	2	2	2	0.205	0.157	0	0
TCGA.KC.A4BV.01A	0.57	0.515	0.0582	2	1.97	1.99	0.328	0.187	0.00562	0
TCGA.KC.A7F3.01A	0.45	0.2	0.0187	2	1.97	1.99	0.112	0.0877	0.00373	0
TCGA.KC.A7F6.01A	0.7	0.0577	0.0294	2	1.95	1.97	0	0.0577	0.0017	0
TCGA.KC.A7FA.01A	0.71	0.374	0.027	2	1.91	1.94	0.142	0.233	0.0101	0
TCGA.KC.A7FD.01A	0.82	0.0308	0.111	2	1.98	1.98	0.00342	0.0274	0.00342	0
TCGA.KC.A7FE.01A	0.61	0.0188	0	2	2	2	0.00157	0.0172	0	0
TCGA.KK.A59V.01A	0.55	0.0643	0.0938	2	1.98	1.99	0.0241	0.0402	0.00602	0
TCGA.KK.A59X.01A	0.9	0.175	0.359	2	1.85	1.87	0.0187	0.156	0.0628	0
TCGA.KK.A59Y.01A	0.7	0.506	0.0145	2	1.96	1.97	0.182	0.324	0.00735	0
TCGA.KK.A59Z.01A	0.84	0.529	0.205	4	4.27	4.22	0.317	0.211	0	0
TCGA.KK.A6DY.01A	0.34	0.343	0.0263	2	1.91	1.97	0.144	0.199	0	0
TCGA.KK.A6E0.01A	0.64	0.158	0.157	2	1.87	1.91	0	0.158	0.0247	0
TCGA.KK.A6E1.01A	0.81	0.391	0.287	4	3.58	3.66	0.0541	0.337	0	0
TCGA.KK.A6E2.01A	0.9	0.171	0.049	2	1.98	1.98	0.084	0.0874	0.0084	0
TCGA.KK.A6E3.01A	0.78	0.36	0	2	2	2	0.175	0.185	0	0
TCGA.KK.A6E4.01A	0.78	0.421	0.0126	2	1.98	1.99	0.329	0.092	0.00531	0
TCGA.KK.A6E5.01A	0.63	0.174	0.206	4	3.82	3.89	0.0396	0.135	0	0
TCGA.KK.A6E6.01A	0.59	0.356	0.531	4	3.66	3.8	0.0427	0.313	0	0
TCGA.KK.A6E7.01A	0.72	0.0823	0.298	2	1.94	1.96	0.0175	0.0648	0.021	0.0035
TCGA.KK.A6E8.01A	0.92	0.195	0.538	4	4.09	4.08	0.0934	0.102	0	0.00164
TCGA.KK.A7AP.01A	0.77	0.546	0.0359	2	1.94	1.95	0.216	0.33	0.00536	0
TCGA.KK.A7AQ.01A	0.69	0.268	0.036	2	1.9	1.93	0.11	0.158	0.00963	0
TCGA.KK.A7AU.01A	0.9	0.207	0.0485	2	1.99	1.99	0.102	0.104	0.01	0
TCGA.KK.A7AV.01A	0.24	0.266	0.267	2	2.02	2.01	0.16	0.106	0.0213	0
TCGA.KK.A7AW.01A	0.73	0.348	0.0201	2	1.99	1.99	0.184	0.164	0.00699	0
TCGA.KK.A7AY.01A	0.75	0.296	0.0172	2	1.98	1.98	0.0988	0.198	0.00511	0
TCGA.KK.A7AZ.01A	0.86	0.182	0	2	2.01	2.01	0.103	0.0791	0	0
TCGA.KK.A7B0.01A	0.23	0.308	0.222	2	2.03	2.01	0.216	0.0916	0.0351	0
TCGA.KK.A7B1.01A	0.52	0.221	0.0175	2	1.98	1.99	0.132	0.089	0.00387	0
TCGA.KK.A7B2.01A	0.83	0.263	0	2	1.99	1.99	0.104	0.159	0	0
TCGA.KK.A7B3.01A	0.63	0.25	0.0469	2	1.98	1.99	0.133	0.117	0.00977	0
TCGA.KK.A7B4.01A	0.71	0.294	0.0129	2	1.89	1.93	0.0871	0.206	0.00379	0
TCGA.KK.A8I4.01A	0.24	0.212	0.197	2	2.11	2.03	0.108	0.104	0.00348	0
TCGA.KK.A8I5.01A	0.87	0.184	0.0439	2	1.98	1.98	0.105	0.0792	0.00808	0
TCGA.KK.A8I6.01A	0.67	0.0947	0.127	2	1.96	1.97	0.0258	0.0688	0.0103	0
TCGA.KK.A8I7.01A	0.2	0.0751	0.429	2	1.99	2	0.0322	0.0429	0.0233	0.00179
TCGA.KK.A8I8.01A	0.69	0.319	0.057	2	1.99	1.99	0.185	0.134	0.0116	0
TCGA.KK.A8I9.01A	0.18	0.627	0.0529	2	1.7	1.95	0.225	0.401	0.0262	0
TCGA.KK.A8IA.01A	0.9	0.263	0.269	2	1.91	1.92	0.0667	0.196	0.0706	0
TCGA.KK.A8IB.01A	0.35	0.268	0.442	2	2.02	2.01	0.14	0.128	0.035	0
TCGA.KK.A8IC.01A	0.2	0.0785	0.422	2	1.97	1.99	0.0157	0.0628	0.0297	0.00175
TCGA.KK.A8ID.01A	0.55	0.363	0.0942	2	2.1	2.06	0.18	0.182	0	0
TCGA.KK.A8IF.01A	0.98	0.442	0.325	4	4.21	4.2	0.26	0.182	0	0.0217
TCGA.KK.A8IG.01A	0.69	0.132	0.101	2	1.9	1.93	0.00744	0.125	0.0134	0
TCGA.KK.A8IH.01A	0.75	0.165	0	2	1.9	1.92	0.0333	0.131	0	0
TCGA.KK.A8II.01A	0.97	0.153	0.182	2	1.95	1.95	0.0655	0.0873	0.0278	0
TCGA.KK.A8IJ.01A	0.22	0.0567	0.171	2	1.9	1.98	0	0.0567	0.0081	0
TCGA.KK.A8IK.01A	0.95	0.377	0.121	2	2.23	2.22	0.286	0.0911	0.00182	0
TCGA.KK.A8IL.01A	0.13	0.263	0.695	2	1.94	1.99	0.105	0.157	0.0857	0.052
TCGA.KK.A8IM.01A	0.34	0.0487	0.154	2	1.98	1.99	0.0131	0.0356	0.00375	0
TCGA.M7.A71Y.01A	0.14	0.166	0.673	2	1.96	1.99	0.0708	0.0956	0.0675	0.0165
TCGA.M7.A71Z.01A	0.95	0.0614	0.216	2	1.95	1.96	0.00166	0.0597	0.0133	0
TCGA.M7.A720.01A	0.68	0.087	0	2	2	2	0.051	0.0359	0	0
TCGA.M7.A721.01A	0.2	0.261	0.275	2	1.9	1.98	0.129	0.132	0.0349	0.00919
TCGA.M7.A722.01A	0.94	0.0574	0.528	2	1.95	1.95	0	0.0574	0.0303	0
TCGA.M7.A723.01A	0.53	0.399	0	2	1.99	2	0.139	0.26	0	0
TCGA.M7.A724.01A	0.97	0.222	0.0367	2	2.05	2.05	0.148	0.0732	0	0
TCGA.M7.A725.01A	0.79	0.392	0.087	2	1.96	1.97	0.118	0.274	0.0119	0
TCGA.MG.AAMC.01A	0.73	0.335	0.0114	2	1.92	1.94	0.153	0.182	0.00382	0
TCGA.QU.A6IL.01A	0.81	0.235	0.0826	2	1.97	1.97	0.0973	0.138	0.0175	0
TCGA.QU.A6IM.01A	0.52	0.246	0.192	2	2	2	0.104	0.142	0.0157	0.0138
TCGA.QU.A6IN.01A	0.8	0.308	0.0124	2	1.96	1.97	0.168	0.14	0.00382	0
TCGA.QU.A6IO.01A	0.71	0.277	0	2	1.97	1.98	0.141	0.136	0	0
TCGA.QU.A6IP.01A	0.45	0.444	0	2	2	2	0.253	0.191	0	0
TCGA.SU.A7E7.01A	0.19	0.025	0.267	2	1.98	2	0.00166	0.0233	0.00499	0.00166
TCGA.TK.A8OK.01A	0.22	0.0876	0.0635	2	1.9	1.98	0.0292	0.0584	0.00139	0
TCGA.TP.A8TT.01A	0.21	0.128	0.115	2	1.81	1.96	0.0164	0.111	0.00656	0.00164
TCGA.TP.A8TV.01A	0.95	0.148	0.329	2	1.91	1.91	0.0243	0.124	0.0487	0
TCGA.V1.A8MF.01A	0.61	0.562	0.0414	2	2	2	0.2	0.363	0.015	0
TCGA.V1.A8MG.01A	0.21	0.214	0.362	2	2.04	2.01	0.0863	0.128	0.0245	0.00144
TCGA.V1.A8MJ.01A	0.19	0.202	0.303	2	1.97	1.99	0.0978	0.104	0.0398	0.00498
TCGA.V1.A8MK.01A	0.79	0.306	0	2	2	2	0.138	0.168	0	0
TCGA.V1.A8ML.01A	0.92	0.0294	0	2	1.99	1.99	0.00471	0.0247	0	0
TCGA.V1.A8MM.01A	0.81	0.216	0.18	2	1.95	1.96	0.0742	0.142	0.0219	0
TCGA.V1.A8MU.01A	0.44	0.319	0.00524	2	2.01	2	0.236	0.0836	0.00167	0
TCGA.V1.A8WL.01A	0.69	0.305	0.0286	2	1.95	1.97	0.124	0.182	0.00873	0
TCGA.V1.A8WN.01A	0.97	0.378	0	2	2	2	0.204	0.174	0	0
TCGA.V1.A8WS.01A	0.77	0.465	0.0248	2	1.96	1.97	0.258	0.208	0.0115	0
TCGA.V1.A8WV.01A	0.62	0.282	0.116	2	1.97	1.98	0.0808	0.201	0	0.00344
TCGA.V1.A8WW.01A	0.89	0.326	0.11	2	1.94	1.94	0.0626	0.264	0.0361	0
TCGA.V1.A8X3.01A	0.69	0.143	0.0337	2	1.97	1.98	0.0595	0.0836	0.00482	0
TCGA.V1.A9O5.01A	0.52	0.465	0.0558	2	2.09	2.05	0.194	0.271	0.00798	0
TCGA.V1.A9O5.06A	0.74	0.613	0.28	4	4.13	4.1	0.285	0.327	0	0
TCGA.V1.A9O7.01A	0.18	0.339	0.351	2	1.92	1.98	0.105	0.234	0.0524	0.0192
TCGA.V1.A9O9.01A	0.53	0.167	0.202	2	1.93	1.96	0.0298	0.137	0.0338	0
TCGA.V1.A9OA.01A	0.57	0.224	0.228	2	1.93	1.96	0.0727	0.151	0.00786	0
TCGA.V1.A9OF.01A	0.82	0.0234	0.214	2	1.98	1.98	0	0.0234	0.00502	0
TCGA.V1.A9OH.01A	0.25	0.172	0.152	2	1.96	1.99	0.0486	0.123	0.00694	0
TCGA.V1.A9OL.01A	0.74	0.322	0.0427	2	1.91	1.93	0.12	0.202	0.00784	0
TCGA.V1.A9OQ.01A	0.68	0.174	0.0103	2	1.95	1.97	0.0824	0.0914	0.00179	0
TCGA.V1.A9OT.01A	0.77	0.237	0.0735	2	1.95	1.96	0.0803	0.157	0.0175	0
TCGA.V1.A9OX.01A	0.23	0.194	0.189	2	1.91	1.98	0.0768	0.117	0.00731	0
TCGA.V1.A9OY.01A	0.19	0.0188	0	2	1.96	1.99	0	0.0188	0	0
TCGA.V1.A9Z7.01A	0.56	0.169	0.144	2	1.99	2	0.0655	0.103	0.00187	0
TCGA.V1.A9Z8.01A	0.24	0.0388	0.391	2	1.99	2	0.0101	0.0287	0.0101	0
TCGA.V1.A9Z9.01A	0.62	0.276	0.026	2	1.95	1.97	0.12	0.156	0.00717	0
TCGA.V1.A9ZG.01A	0.37	0.055	0.0741	2	1.99	2	0.0265	0.0285	0.00407	0
TCGA.V1.A9ZI.01A	0.78	0.317	0.0333	2	2.04	2.03	0.162	0.155	0.00882	0
TCGA.V1.A9ZK.01A	0.21	0.422	0.13	2	1.96	1.99	0.253	0.169	0.0381	0
TCGA.V1.A9ZR.01A	0.47	0.217	0.00917	2	1.93	1.96	0.0855	0.131	0.00199	0
TCGA.VN.A88I.01A	0.65	0.598	0	2	2	2	0.3	0.298	0	0
TCGA.VN.A88K.01A	0.82	0.346	0.0565	2	1.95	1.96	0.174	0.172	0.0176	0.00195
TCGA.VN.A88L.01A	0.6	0.115	0.05	2	1.96	1.98	0.0401	0.0744	0.00573	0
TCGA.VN.A88M.01A	0.86	0.176	0.0103	2	2	2	0.102	0.0745	0.00182	0
TCGA.VN.A88N.01A	0.62	0.105	0.111	2	1.98	1.99	0.0467	0.0584	0.0117	0
TCGA.VN.A88O.01A	0.21	0.198	0.0684	2	2.02	2	0.154	0.0439	0.00507	0
TCGA.VN.A88P.01A	0.76	0.155	0.0127	2	1.94	1.96	0.0471	0.108	0.00196	0
TCGA.VN.A88Q.01A	0.61	0.273	0.0316	2	1.98	1.99	0.0623	0.211	0.00865	0
TCGA.VN.A88R.01A	0.78	0.278	0.05	2	1.94	1.95	0.128	0.149	0.0104	0
TCGA.VN.A943.01A	0.95	0.0938	0.08	2	1.97	1.98	0.0469	0.0469	0.0075	0
TCGA.VP.A872.01A	0.58	0.322	0.125	2	1.9	1.94	0.0996	0.222	0.0249	0
TCGA.VP.A875.01A	0.31	0.424	0.335	2	1.83	1.95	0.144	0.28	0.0709	0.0355
TCGA.VP.A876.01A	0.91	0.295	0.158	2	1.94	1.94	0.109	0.186	0.0446	0
TCGA.VP.A878.01A	0.35	0.13	0.029	2	2	2	0.0865	0.0432	0	0
TCGA.VP.A879.01A	0.57	0.276	0	2	2	2	0.191	0.0846	0	0
TCGA.VP.A87B.01A	0.9	0.141	0	2	1.99	1.99	0.0679	0.0732	0	0
TCGA.VP.A87C.01A	0.3	0.194	0.0924	2	2	2	0.145	0.049	0.00654	0
TCGA.VP.A87D.01A	0.77	0.25	0.0352	2	1.95	1.96	0.0826	0.167	0.00879	0
TCGA.VP.A87E.01A	0.09	0.149	0.966	2	2.01	2	0.0925	0.0565	0.0942	0.0188
TCGA.VP.A87H.01A	0.56	0.339	0.215	2	1.99	2	0.0821	0.257	0.00182	0.0274
TCGA.VP.A87J.01A	0.82	0.359	0.0099	2	1.92	1.94	0.176	0.183	0.00356	0
TCGA.VP.A87K.01A	0.93	0.155	0.198	4	3.84	3.85	0.0363	0.118	0	0
TCGA.VP.AA1N.01A	0.69	0.34	0.328	4	3.83	3.88	0.0888	0.251	0	0
TCGA.WW.A8ZI.01A	0.85	0.139	0	2	1.91	1.93	0.029	0.11	0	0
TCGA.X4.A8KQ.01A	0.53	0.195	0.0169	2	1.92	1.96	0.0347	0.16	0	0
TCGA.X4.A8KS.01A	0.18	0.0529	0.342	2	1.99	2	0.0125	0.0403	0.00834	0.00139
TCGA.XA.A8JR.01A	0.28	0.114	0.123	2	1.97	1.99	0.0382	0.0763	0.00602	0
TCGA.XJ.A83F.01A	0.77	0.498	0.0324	2	1.91	1.93	0.268	0.23	0.0161	0
TCGA.XJ.A83G.01A	0.54	0.154	0.0638	2	1.92	1.96	0.0491	0.105	0.00982	0
TCGA.XJ.A83H.01A	0.48	0.398	0.017	2	1.97	1.98	0.156	0.242	0.00677	0
TCGA.XJ.A9DI.01A	0.13	0.267	0.741	2	1.99	2	0.153	0.114	0.131	0.0187
TCGA.XJ.A9DK.01A	0.64	0.0214	0	2	2	2	0.00824	0.0132	0	0
TCGA.XJ.A9DQ.01A	0.11	0.111	0.892	2	2	2	0.0528	0.0579	0.0698	0.0136
TCGA.XJ.A9DX.01A	0.76	0.483	0.0595	2	2.09	2.07	0.289	0.193	0.00192	0
TCGA.XK.AAIR.01A	0.23	0.0345	0.19	2	1.98	2	0.00657	0.0279	0.00328	0
TCGA.XK.AAIV.01A	0.96	0.0996	0.0633	2	2.03	2.02	0.0404	0.0593	0	0.00631
TCGA.XK.AAIW.01A	0.86	0.0723	0.325	2	1.97	1.97	0.0271	0.0452	0.0235	0
TCGA.XK.AAJ3.01A	0.74	0.302	0.0118	2	1.96	1.97	0.144	0.158	0.00355	0
TCGA.XK.AAJA.01A	0.69	0.39	0	2	1.94	1.96	0.18	0.21	0	0
TCGA.XK.AAJP.01A	0.83	0.159	0.354	2	1.89	1.91	0.0348	0.124	0.0561	0
TCGA.XK.AAJR.01A	0.27	0.387	0.0864	2	2.07	2.02	0.34	0.0475	0.00704	0
TCGA.XK.AAJT.01A	0.63	0.26	0.159	2	1.93	1.95	0.083	0.177	0.0113	0.00377
TCGA.XK.AAK1.01A	0.8	0.0924	0.172	2	1.92	1.93	0	0.0924	0.0159	0
TCGA.XQ.A8TA.01A	0.97	0.462	0.275	4	3.81	3.82	0.185	0.277	0	0.0411
TCGA.XQ.A8TB.01A	0.77	0.0896	0.125	2	1.93	1.95	0.0032	0.0864	0.0112	0
TCGA.Y6.A8TL.01A	0.55	0.217	0.00893	2	1.96	1.98	0.0777	0.14	0.00194	0
TCGA.Y6.A9XI.01A	0.79	0.167	0.0106	2	1.91	1.93	0.00887	0.158	0.00177	0
TCGA.YJ.A8SW.01A	0.86	0.387	0.0837	2	2.11	2.1	0.22	0.168	0.0126	0
TCGA.YL.A8HJ.01A	0.2	0.0667	0.294	2	1.99	2	0.0333	0.0333	0.0118	0.00392
TCGA.YL.A8HK.01A	0.21	0.0624	0.179	2	1.92	1.98	0.0016	0.0608	0.0112	0
TCGA.YL.A8HL.01A	0.86	0.134	0.203	2	1.91	1.92	0.035	0.0992	0.0272	0
TCGA.YL.A8HM.01A	0.87	0.385	0.0735	2	2	2	0.192	0.193	0.00314	0.00471
TCGA.YL.A8HO.01A	0.28	0.562	0.481	2	2.39	2.11	0.373	0.188	0.0978	0.0308
TCGA.YL.A8S8.01A	0.63	0.395	0.242	2	2.02	2.01	0.134	0.261	0	0.0296
TCGA.YL.A8S9.01A	0.97	0.192	0.174	2	2.07	2.06	0.1	0.0917	0.0125	0.00208
TCGA.YL.A8SA.01A	0.79	0.253	0.00794	2	1.93	1.94	0.0964	0.157	0.00201	0
TCGA.YL.A8SB.01A	0.99	0.206	0	2	2	2	0.102	0.104	0	0
TCGA.YL.A8SC.01A	0.56	0.278	0.15	2	1.93	1.96	0.125	0.153	0.00189	0
TCGA.YL.A8SF.01A	0.67	0.257	0.037	2	1.96	1.97	0.106	0.15	0.0019	0
TCGA.YL.A8SH.01B	0.65	0.466	0.00656	2	1.94	1.96	0.254	0.213	0	0.00306
TCGA.YL.A8SI.01A	0.18	0.104	0.212	2	2	2	0.0501	0.0541	0.00401	0.01
TCGA.YL.A8SK.01B	0.41	0.204	0.438	2	2.04	2.02	0.0893	0.115	0.0388	0
TCGA.YL.A8SL.01B	0.9	0.217	0.19	2	1.88	1.89	0.0199	0.197	0.0398	0.00142
TCGA.YL.A8SO.01B	0.21	0.544	0.248	2	1.96	1.99	0.27	0.274	0.0284	0.00178
TCGA.YL.A8SP.01B	0.85	0.28	0.0667	2	1.93	1.94	0.117	0.164	0.0187	0
TCGA.YL.A8SQ.01B	0.8	0.305	0.325	4	3.81	3.85	0.0629	0.242	0	0
TCGA.YL.A8SR.01B	0.67	0.133	0.0375	2	1.87	1.91	0.005	0.128	0.005	0
TCGA.YL.A9WH.01A	0.77	0.472	0.0714	4	3.45	3.58	0.0253	0.446	0	0
TCGA.YL.A9WI.01A	0.89	0.453	0.0909	2	2.16	2.14	0.298	0.155	0.00562	0.0281
TCGA.YL.A9WJ.01A	0.35	0.211	0.173	2	1.97	1.99	0.0974	0.114	0.0101	0
TCGA.YL.A9WK.01A	0.57	0.445	0.117	2	1.96	1.98	0.19	0.255	0.0205	0
TCGA.YL.A9WL.01A	0.96	0.201	0.21	2	1.87	1.87	0.0261	0.175	0.0422	0
TCGA.YL.A9WX.01A	0.18	0.0657	0.771	2	1.94	1.99	0.00375	0.0619	0.0432	0
TCGA.YL.A9WY.01A	0.42	0.344	0.492	4	3.87	3.95	0.105	0.24	0	0
TCGA.ZG.A8QW.01A	0.13	0.387	0.644	2	1.94	1.99	0.182	0.206	0.175	0.0175
TCGA.ZG.A8QX.01A	0.19	0.0494	0.129	2	1.92	1.98	0.00955	0.0398	0.00478	0
TCGA.ZG.A8QY.01A	0.22	0.134	0.0349	2	1.68	1.93	0.00469	0.13	0.00156	0
TCGA.ZG.A8QZ.01A	0.3	0.176	0.132	2	2.03	2.01	0.101	0.0754	0.00387	0
TCGA.ZG.A9KY.01A	0.64	0.253	0.219	4	4.03	4.02	0.131	0.122	0	0
TCGA.ZG.A9L0.01A	0.74	0.302	0.0357	2	1.84	1.88	0.0251	0.276	0.0108	0
TCGA.ZG.A9L1.01A	0.73	0.404	0.142	2	2.19	2.14	0.254	0.15	0.00185	0.0111
TCGA.ZG.A9L2.01A	0.32	0.0596	0.0645	2	1.95	1.98	0.00577	0.0538	0.00192	0
TCGA.ZG.A9L4.01A	0.27	0.398	0.0644	2	1.96	1.99	0.229	0.17	0.0178	0
TCGA.ZG.A9L5.01A	0.86	0.489	0.343	4	4.39	4.34	0.366	0.124	0	0
TCGA.ZG.A9L6.01A	0.23	0.0516	0.31	2	1.97	1.99	0.0089	0.0427	0.0125	0
TCGA.ZG.A9L9.01A	0.76	0.476	0.314	4	3.78	3.83	0.146	0.331	0	0
TCGA.ZG.A9LB.01A	0.61	0.497	0.143	4	3.83	3.89	0.0713	0.426	0	0
TCGA.ZG.A9LS.01A	0.48	0.325	0.375	4	4	4	0.129	0.195	0	0
TCGA.ZG.A9LU.01A	0.15	0.358	0.574	2	1.98	2	0.165	0.193	0.0774	0.0835
TCGA.ZG.A9LY.01A	0.35	0.224	0.42	2	2.01	2.01	0.122	0.102	0.00601	0
TCGA.ZG.A9LZ.01A	0.77	0.379	0.126	2	1.86	1.89	0.0876	0.291	0.0343	0.0133
TCGA.ZG.A9M4.01A	0.71	0.53	0.308	4	3.65	3.75	0.165	0.365	0	0
TCGA.ZG.A9MC.01A	0.25	0.0176	0.818	2	2.05	2.01	0.0112	0.0064	0.0048	0
TCGA.ZG.A9N3.01A	0.67	0.478	0.073	2	1.9	1.94	0.129	0.349	0.00303	0.00152
TCGA.ZG.A9ND.01A	0.82	0.191	0.19	2	1.87	1.9	0.0396	0.152	0.0363	0
TCGA.ZG.A9NI.01A	0.6	0.546	0.118	2	2.05	2.03	0.288	0.258	0.0474	0.00569
